1_gi|401800989|gb|CP00 26	14	7	2	5	3	4	1	13	7	1	0	8	1	0	0	10	4	2	1	0	0	2	0	2	5	12	0	0	0	0	0	25	6	35	11	1	1	11	1	16	7	37	6	6	0	3	1	11	4	13	1	1	0	1	3	3	2	31	6	1	0	7	0	
2_gi|401800989|gb|CP00 20	6	13	1	5	1	2	0	13	6	1	6	2	1	0	1	6	4	2	4	3	0	2	2	2	4	8	0	2	0	4	0	13	3	21	3	1	0	10	2	7	3	29	10	4	0	6	0	12	8	20	5	1	0	1	2	4	2	18	1	0	0	4	0	
3_gi|401800989|gb|CP00 31	12	13	4	5	2	6	0	19	8	1	5	7	1	0	0	15	11	5	11	3	3	8	4	3	8	19	0	2	0	4	0	27	14	19	14	11	4	22	6	5	15	32	18	13	0	17	1	36	21	36	18	2	1	3	5	10	10	44	17	5	2	9	4	
4_gi|401800989|gb|CP00 23	16	18	4	8	4	4	1	45	20	1	0	8	0	0	0	24	13	9	15	5	2	5	2	7	4	30	2	0	0	3	1	48	21	34	10	11	6	12	8	11	18	50	21	16	3	14	6	41	25	44	30	3	0	9	3	17	16	45	19	5	2	12	3	
5_gi|401800989|gb|CP00 18	5	9	5	2	0	4	0	25	6	1	2	7	0	0	1	13	7	4	4	1	0	0	2	7	6	19	0	3	0	4	0	16	10	21	7	5	3	13	3	1	6	33	10	7	0	13	2	14	17	20	7	0	0	2	2	2	12	26	4	0	2	4	1	
6_gi|401800989|gb|CP00 12	2	6	1	2	0	2	2	10	1	1	0	6	0	0	0	6	2	4	3	0	1	1	0	4	3	9	0	0	0	1	0	12	7	10	2	1	1	3	2	1	4	16	5	5	1	4	1	8	4	10	6	0	1	0	2	2	3	14	4	0	2	1	0	
7_gi|401800989|gb|CP00 13	2	6	5	3	2	1	1	14	1	0	3	5	0	1	0	5	4	1	2	1	0	1	0	4	2	6	0	0	1	3	0	21	7	20	14	2	1	7	3	5	7	23	7	1	0	1	0	6	4	8	4	0	1	0	0	5	4	16	1	0	0	0	0	
8_gi|401800989|gb|CP00 20	9	12	2	3	0	0	1	36	2	1	1	4	0	0	1	8	6	5	1	2	0	1	2	4	3	24	1	1	0	2	0	31	6	27	9	6	2	8	2	9	6	43	3	7	0	12	2	16	6	25	11	2	2	0	1	6	9	27	5	1	2	2	3	
9_gi|401800989|gb|CP00 11	3	5	3	5	0	2	1	18	2	1	2	3	0	0	1	5	7	9	1	0	0	3	0	2	3	6	2	1	1	0	0	15	6	13	5	4	2	4	2	9	5	21	2	4	0	6	0	11	10	11	4	0	0	1	1	2	5	20	0	1	0	1	1	
10_gi|401800989|gb|CP00 16	3	7	2	0	0	2	0	19	4	1	4	3	0	0	1	5	5	1	1	1	0	0	1	3	0	9	0	0	0	0	0	6	3	16	3	1	0	5	3	4	2	20	5	1	0	6	1	11	4	7	8	0	1	3	0	1	4	9	5	0	1	0	1	
11_gi|401800989|gb|CP00 16	3	7	1	3	1	1	0	18	5	1	3	4	0	0	0	4	3	2	3	0	0	1	1	4	1	7	0	0	0	1	0	18	4	22	5	6	1	5	0	6	6	34	7	1	0	8	2	14	14	7	4	2	1	4	1	2	3	16	3	0	1	1	0	
12_gi|401800989|gb|CP00 19	5	4	2	3	1	2	2	14	3	0	2	4	1	1	0	7	3	1	1	2	1	1	1	2	3	15	0	0	0	1	0	18	7	25	8	2	0	5	3	6	4	22	5	7	0	3	1	11	5	10	6	0	0	2	0	5	11	10	3	3	0	4	1	
13_gi|401800989|gb|CP00 12	2	3	5	0	1	1	1	13	7	1	4	5	0	0	0	4	6	5	1	0	0	1	0	6	3	11	0	0	0	0	0	16	10	13	5	2	0	5	1	13	4	29	2	1	1	4	0	11	8	14	8	0	0	1	4	3	5	13	5	2	1	1	0	
14_gi|401800989|gb|CP00 38	22	13	3	4	1	1	1	39	14	0	2	7	0	1	0	13	9	3	3	2	0	2	0	12	4	18	1	0	2	6	0	52	11	30	16	9	7	16	1	12	14	36	15	10	0	11	1	22	17	28	16	0	0	4	5	8	16	20	9	4	2	6	5	
15_gi|401800989|gb|CP00 30	12	19	3	6	1	5	0	35	19	1	4	9	2	0	1	13	7	6	9	2	0	0	0	3	5	19	0	2	0	5	0	41	22	29	13	8	3	9	4	14	11	28	6	16	1	8	5	21	17	25	16	2	2	3	2	18	15	13	11	1	1	4	3	
16_gi|401800989|gb|CP00 59	6	22	11	12	3	9	4	66	10	1	7	15	1	0	2	25	8	15	5	3	2	4	4	13	4	41	2	3	0	10	0	55	31	72	25	12	4	18	7	12	14	94	12	9	0	27	5	39	32	58	18	2	3	3	3	13	17	57	6	5	4	6	2	
17_gi|401800989|gb|CP00 21	6	9	7	3	2	5	3	10	4	1	0	4	0	0	0	5	5	4	9	0	2	2	0	3	4	17	0	0	0	1	0	23	11	22	11	6	3	9	1	3	0	29	6	6	0	8	1	16	9	12	15	1	2	4	4	4	7	26	8	2	0	6	8	
18_gi|401800989|gb|CP00 12	3	15	5	2	0	3	0	20	4	1	4	5	0	0	3	11	7	5	1	1	0	4	1	3	2	12	0	0	1	1	0	11	6	14	9	5	2	8	2	1	7	22	4	4	0	4	0	9	10	16	14	0	0	2	1	3	8	15	5	1	0	0	0	
19_gi|401800989|gb|CP00 33	8	14	10	3	0	5	2	32	10	1	8	5	0	0	3	11	7	10	7	1	1	3	0	5	4	18	0	0	1	2	0	24	10	26	9	13	6	12	2	11	10	37	11	9	0	9	1	19	9	27	8	0	2	3	6	4	6	21	4	2	2	4	2	
20_gi|401800989|gb|CP00 10	3	3	0	3	1	1	0	4	3	0	2	0	0	1	1	4	3	1	2	1	0	0	0	0	1	8	0	0	0	0	0	8	1	6	2	0	0	3	1	2	2	10	1	4	0	4	0	4	2	11	6	1	0	1	1	3	1	13	2	0	0	5	0	
21_gi|401800989|gb|CP00 6	6	6	4	1	0	2	2	18	6	0	1	6	0	1	1	6	5	6	0	0	1	1	0	3	4	8	0	0	1	1	0	14	5	14	6	7	0	6	1	4	4	22	3	5	0	6	0	14	8	11	15	1	1	1	1	3	14	16	6	1	0	3	1	
22_gi|401800989|gb|CP00 20	5	4	5	1	0	2	0	24	4	1	3	9	0	0	1	8	7	3	3	0	2	0	0	4	0	18	0	0	0	2	0	17	8	18	7	5	1	9	3	10	7	30	6	3	0	5	0	18	12	16	13	1	2	1	4	6	9	22	3	1	0	3	2	
23_gi|401800989|gb|CP00 15	3	15	3	5	2	5	0	15	1	1	2	4	0	0	3	3	8	5	2	1	1	1	0	7	2	5	1	1	0	2	0	11	8	16	5	3	3	4	1	4	4	24	4	5	0	7	0	10	7	8	7	0	1	3	4	2	2	11	2	1	1	1	1	
24_gi|401800989|gb|CP00 7	0	2	0	3	0	3	0	8	0	1	0	0	0	0	2	4	3	0	2	0	1	0	2	1	0	5	0	1	0	3	0	17	10	11	1	1	2	6	0	1	1	17	2	6	0	2	1	9	4	9	5	0	1	2	2	5	5	15	2	0	0	4	2	
25_gi|401800989|gb|CP00 7	2	2	1	1	0	1	0	11	2	1	1	4	0	0	0	3	1	2	1	3	0	0	0	1	1	12	2	0	0	0	0	8	7	6	3	2	1	0	0	1	1	14	2	1	0	4	0	4	4	6	2	0	0	0	0	1	6	12	1	2	0	1	0	
26_gi|401800989|gb|CP00 16	2	6	0	1	1	2	0	13	3	1	3	3	0	0	1	6	5	1	1	1	2	2	0	1	1	4	0	0	0	2	0	11	7	12	5	1	0	3	0	3	4	12	3	4	1	3	2	15	3	5	1	1	1	1	2	5	5	7	4	0	0	2	1	
27_gi|401800989|gb|CP00 8	3	7	3	2	0	0	1	8	3	0	0	1	0	1	0	5	0	3	0	0	1	2	0	1	3	1	0	1	1	0	0	10	4	10	4	2	2	7	0	5	10	15	2	4	0	2	1	11	5	6	4	2	0	2	1	5	5	8	2	1	0	2	0	
28_gi|401800989|gb|CP00 6	2	3	0	0	1	3	0	7	4	1	0	4	0	0	0	6	7	4	4	1	1	0	2	2	1	4	0	1	0	2	0	13	7	7	2	7	3	1	0	5	6	16	2	6	0	4	0	9	7	10	4	0	2	3	1	4	6	9	5	1	0	0	1	
29_gi|401800989|gb|CP00 75	22	45	14	14	5	9	1	73	13	1	12	12	2	0	4	30	21	26	7	2	7	12	3	17	19	43	1	4	1	7	0	79	32	63	18	32	15	32	9	20	25	118	21	26	2	35	10	43	42	71	35	4	5	13	7	20	33	89	18	5	3	18	7	
30_gi|401800989|gb|CP00 19	4	2	1	1	1	1	0	17	5	1	7	4	0	0	1	6	11	3	0	0	0	1	0	4	4	8	0	0	0	0	0	16	8	9	6	4	1	6	1	8	9	4	1	4	0	6	2	12	13	3	10	0	2	0	3	3	11	3	8	1	2	0	2	
31_gi|401800989|gb|CP00 8	4	5	3	2	0	0	2	6	4	1	2	0	0	0	0	5	2	0	0	1	1	5	1	1	3	10	1	1	0	2	1	13	9	10	1	2	4	4	0	7	2	19	4	2	0	3	0	11	5	11	5	2	2	0	2	3	5	7	2	1	0	5	2	
32_gi|401800989|gb|CP00 28	6	12	3	3	1	2	3	24	3	1	5	10	0	0	4	11	3	1	3	0	3	2	1	7	6	16	1	1	1	2	1	20	13	20	7	2	2	10	0	3	7	35	9	4	0	4	3	12	11	16	7	0	1	4	1	6	11	29	8	3	0	1	2	
33_gi|401800989|gb|CP00 30	3	9	5	5	1	3	1	24	14	0	7	6	0	1	1	10	12	7	8	3	0	3	1	6	5	22	2	4	0	7	1	40	12	21	6	8	3	14	4	11	9	44	13	9	0	12	2	20	10	28	14	3	1	5	2	3	10	33	6	3	0	9	1	
34_gi|401800989|gb|CP00 18	4	8	7	3	2	2	0	22	9	1	14	4	0	0	2	7	9	5	1	5	1	4	0	8	7	19	1	2	0	4	0	25	17	20	12	9	7	10	5	8	5	39	6	10	0	8	2	18	20	21	14	1	3	4	1	10	21	22	10	2	2	6	2	
35_gi|401800989|gb|CP00 12	1	5	3	2	2	3	0	22	8	1	5	4	1	0	1	7	11	3	1	2	0	0	0	5	3	16	0	0	1	1	0	27	9	21	8	11	2	14	2	4	11	29	5	5	0	9	2	17	11	14	12	1	3	3	2	4	10	16	6	2	0	3	2	
36_gi|401800989|gb|CP00 33	17	8	1	2	4	3	0	24	24	0	4	4	1	1	2	6	9	2	1	1	1	1	0	9	4	27	1	2	0	4	0	28	21	32	21	6	3	12	9	6	13	37	7	7	2	14	2	24	19	33	27	0	2	2	7	4	17	22	10	4	1	1	3	
37_gi|401800989|gb|CP00 2	3	0	1	0	0	0	0	3	1	1	0	0	0	0	0	3	1	1	1	0	0	1	0	0	2	1	0	1	0	0	0	7	1	3	3	4	0	2	0	0	0	10	1	2	0	1	0	3	7	2	2	0	0	2	0	1	5	6	3	1	0	1	0	
38_gi|401800989|gb|CP00 18	9	15	1	1	1	6	0	36	3	1	5	8	0	0	2	12	11	7	7	0	0	1	1	7	2	30	0	2	0	5	1	27	14	19	7	8	5	11	1	7	7	58	7	6	0	23	1	27	14	27	15	0	0	9	3	9	7	38	6	1	1	9	1	
39_gi|401800989|gb|CP00 23	4	6	2	4	1	4	0	16	6	1	3	9	0	0	3	7	7	2	1	1	0	1	0	1	3	6	0	1	0	1	0	26	7	2	11	2	6	12	1	2	3	12	3	4	0	1	0	11	10	6	7	1	0	0	2	3	9	5	7	2	1	0	1	
40_gi|401800989|gb|CP00 18	11	9	1	2	1	1	0	24	6	1	2	5	1	0	1	5	9	3	0	2	0	0	0	4	3	5	0	2	0	2	0	18	13	10	7	9	3	5	1	10	3	13	6	2	0	5	2	6	6	7	5	2	1	0	1	7	8	4	5	5	2	0	1	
41_gi|401800989|gb|CP00 20	8	13	1	4	3	4	1	21	14	1	6	12	2	0	1	8	3	3	3	1	4	3	1	6	6	16	0	2	0	6	0	20	16	27	24	7	2	13	1	5	4	37	4	5	1	4	2	15	10	31	9	2	1	2	1	7	11	32	6	6	1	4	1	
42_gi|401800989|gb|CP00 13	9	10	6	2	2	2	1	23	3	1	1	3	0	0	1	6	6	7	0	1	2	3	0	3	2	6	2	1	1	2	0	22	6	13	11	4	3	5	2	4	4	17	5	4	0	7	0	8	9	17	8	1	3	2	4	4	12	10	7	1	1	1	2	
43_gi|401800989|gb|CP00 15	5	11	8	3	0	2	1	24	6	0	4	2	2	1	1	3	6	6	1	0	2	3	0	9	4	14	0	0	0	4	0	21	12	16	14	5	1	11	3	3	6	20	9	4	0	6	0	18	5	17	17	3	1	3	4	4	11	15	6	7	1	4	0	
44_gi|401800989|gb|CP00 8	0	1	0	1	0	0	1	4	1	1	0	2	0	0	1	4	2	0	0	0	0	1	0	1	5	4	0	1	1	1	0	3	2	4	2	1	0	1	3	1	0	10	0	1	0	4	0	4	2	1	0	0	0	0	1	3	0	3	0	0	0	0	0	
45_gi|401800989|gb|CP00 11	4	1	3	3	0	3	0	25	7	1	3	9	0	0	0	8	6	2	2	1	4	2	2	9	1	24	0	3	1	2	1	17	8	12	8	13	3	9	4	4	12	41	10	19	4	7	2	12	14	18	11	1	2	2	3	10	10	27	11	0	0	4	1	
46_gi|401800989|gb|CP00 7	7	8	2	1	0	0	0	15	3	1	1	3	0	0	1	7	1	5	0	1	0	0	0	2	4	7	0	1	1	1	0	9	6	4	7	6	1	1	1	2	5	17	4	10	0	7	1	7	12	9	3	1	0	2	1	5	11	13	5	2	1	5	2	
47_gi|401800989|gb|CP00 6	2	5	7	1	2	2	1	10	2	1	0	1	0	0	0	2	1	4	3	1	2	0	0	0	0	7	0	0	0	3	1	15	7	10	3	3	2	4	1	3	3	19	2	6	1	4	0	11	13	12	4	2	0	0	2	3	9	10	4	2	2	2	1	
48_gi|401800989|gb|CP00 18	10	8	3	1	0	0	0	25	2	1	1	3	0	0	2	8	4	3	0	0	0	1	2	5	4	18	0	3	0	1	0	31	12	18	13	7	2	7	1	3	8	38	3	12	0	11	1	19	15	23	12	0	1	3	3	5	16	15	12	2	0	2	4	
49_gi|401800989|gb|CP00 10	2	3	4	1	3	1	1	5	1	1	0	1	0	0	1	1	0	2	0	0	2	0	0	0	1	5	0	1	0	1	0	8	4	6	4	0	0	6	3	2	2	8	3	5	0	3	1	6	3	4	2	0	1	0	0	1	2	4	2	1	0	1	0	
50_gi|401800989|gb|CP00 31	5	20	2	5	1	6	2	28	10	1	2	11	0	0	5	14	9	13	1	2	1	0	3	5	6	19	0	0	0	2	1	22	14	36	6	5	2	13	2	4	12	33	11	7	2	16	0	20	21	19	21	5	1	5	4	7	12	23	2	4	0	15	2	
51_gi|401800989|gb|CP00 11	3	7	0	1	1	3	0	16	5	1	1	1	0	0	3	8	8	4	3	2	0	0	0	5	3	16	1	0	0	1	0	16	7	11	8	5	2	5	2	5	4	32	2	5	1	3	3	17	10	16	5	0	2	2	3	8	3	24	3	0	0	7	2	
52_gi|401800989|gb|CP00 8	0	1	0	0	0	0	0	5	1	1	2	3	0	0	0	4	2	3	0	1	1	0	0	2	0	2	1	2	0	1	0	6	2	3	3	4	0	1	1	2	1	16	3	2	1	9	0	4	2	4	2	0	1	0	0	2	1	8	4	0	0	2	0	
53_gi|401800989|gb|CP00 2	1	1	2	0	0	1	2	1	0	1	1	2	0	0	0	1	1	1	1	0	0	0	1	1	0	3	1	0	0	2	1	2	1	1	1	2	0	2	0	0	1	4	0	0	0	4	0	0	0	1	0	1	0	1	0	1	0	0	0	0	0	0	0	
54_gi|401800989|gb|CP00 14	2	7	5	2	1	1	2	21	3	1	1	2	0	0	1	4	4	5	0	3	0	2	0	0	2	8	0	1	0	3	0	11	9	17	12	5	2	7	1	6	7	21	4	7	0	8	1	9	4	9	7	0	0	2	0	4	4	16	3	3	1	3	0	
55_gi|401800989|gb|CP00 4	0	4	2	0	0	1	1	18	1	0	2	1	0	1	0	3	1	1	2	0	0	2	0	4	1	10	1	0	0	2	0	9	5	11	3	3	0	6	2	2	4	18	1	3	0	7	1	4	9	10	3	0	0	1	1	4	3	5	0	0	0	1	1	
56_gi|401800989|gb|CP00 14	6	10	4	1	1	1	2	12	6	1	0	6	0	0	1	3	3	3	3	0	2	5	0	9	3	9	0	3	0	1	0	19	6	9	6	6	3	7	3	4	5	25	9	6	0	7	2	19	9	19	10	0	3	3	1	6	12	17	2	3	0	2	1	
57_gi|401800989|gb|CP00 5	3	6	1	2	0	0	0	11	1	1	1	1	0	0	0	4	3	2	1	0	0	1	1	0	3	5	2	0	0	1	0	8	2	6	5	3	0	2	0	1	1	19	2	2	0	4	0	5	6	1	3	0	0	2	1	2	2	8	2	1	0	3	0	
58_gi|401800989|gb|CP00 19	7	12	3	4	0	4	2	11	4	1	5	6	0	0	2	2	6	3	3	0	1	1	0	2	0	11	0	2	0	1	0	25	3	17	9	3	1	6	0	2	5	28	6	4	1	5	4	11	4	10	6	0	1	6	0	5	5	10	3	1	2	2	1	
59_gi|401800989|gb|CP00 34	6	11	6	6	3	6	0	31	15	1	7	13	0	0	9	15	6	1	2	2	1	2	0	6	10	21	1	4	2	3	0	34	18	19	17	15	8	7	4	12	14	21	5	11	1	11	1	22	15	10	26	1	1	3	3	14	15	12	10	7	2	0	5	
60_gi|401800989|gb|CP00 40	7	14	4	6	4	3	4	48	9	1	1	16	1	0	4	8	16	5	4	1	1	2	0	8	9	28	1	4	0	5	1	46	15	29	19	9	3	20	4	8	12	34	3	13	0	12	1	32	29	13	19	1	4	5	7	7	27	18	17	6	2	3	8	
61_gi|401800989|gb|CP00 14	4	6	1	1	0	3	1	24	1	1	2	10	0	0	0	4	5	1	0	1	1	1	0	5	3	7	0	0	0	2	0	14	15	14	8	4	3	8	5	8	6	24	2	5	1	8	0	16	7	17	6	2	0	2	0	5	9	9	4	1	0	2	1	
62_gi|401800989|gb|CP00 6	1	0	0	0	0	0	0	5	0	1	0	4	1	0	0	3	1	0	1	0	0	0	0	1	0	1	1	0	0	1	0	3	2	4	3	4	0	2	0	0	1	2	2	2	0	3	0	2	3	1	0	1	0	0	0	2	1	2	0	1	0	0	0	
63_gi|401800989|gb|CP00 81	22	33	0	6	8	12	0	80	26	1	12	30	5	0	1	22	19	4	2	6	5	4	0	15	14	50	1	2	0	13	1	87	43	88	56	23	17	46	15	18	23	68	12	13	1	28	5	45	43	43	26	2	3	10	2	20	33	45	16	7	2	9	8	
64_gi|401800989|gb|CP00 22	3	13	1	4	2	5	0	25	5	0	3	9	1	1	1	12	7	4	4	2	2	2	1	7	2	21	0	0	1	8	0	28	9	23	14	8	4	21	4	4	8	35	8	6	1	12	4	17	12	17	8	1	2	1	2	1	8	25	4	2	1	5	4	
65_gi|401800989|gb|CP00 36	7	23	5	3	4	4	2	32	8	1	1	5	0	0	5	15	9	17	3	1	4	4	2	11	7	30	0	3	0	5	0	27	19	27	19	8	4	17	2	8	7	37	11	13	0	15	3	19	19	36	19	0	5	6	6	8	14	24	9	7	1	7	5	
66_gi|401800989|gb|CP00 26	10	22	1	5	3	9	1	27	7	1	5	3	0	0	1	7	10	6	3	1	1	4	1	4	8	23	0	2	0	5	0	20	28	36	14	6	7	13	3	4	8	23	6	3	0	15	2	15	11	26	19	1	3	3	2	4	8	13	7	1	0	6	1	
67_gi|401800989|gb|CP00 28	10	22	1	3	2	5	0	26	6	1	0	4	1	0	2	3	10	5	4	2	1	1	2	5	5	19	0	3	0	5	0	23	20	24	16	2	5	24	6	6	12	26	14	4	0	5	2	12	14	20	11	0	0	4	4	4	4	18	7	4	2	5	1	
68_gi|401800989|gb|CP00 22	4	4	2	2	1	2	1	38	10	0	6	10	1	1	0	7	1	3	0	2	0	1	0	2	2	9	0	1	0	1	0	27	8	18	9	0	2	1	3	14	11	20	1	3	1	5	0	16	10	6	6	1	2	1	2	7	9	4	9	3	0	3	0	
69_gi|401800989|gb|CP00 5	2	6	0	2	4	2	0	6	10	1	3	7	1	0	2	4	2	2	1	3	3	2	0	2	5	14	0	0	0	6	0	4	7	11	15	6	11	11	3	2	4	12	3	5	0	10	1	7	0	8	2	0	1	4	6	1	7	5	2	7	2	2	5	
70_gi|401800989|gb|CP00 3	2	1	0	2	0	3	0	5	0	1	1	3	0	0	0	2	1	1	0	0	0	0	0	2	0	4	0	1	0	1	0	2	3	5	4	0	3	6	1	1	2	8	0	3	0	3	1	0	0	1	2	0	1	1	0	0	1	4	0	2	0	1	3	
71_gi|401800989|gb|CP00 6	0	1	0	0	2	0	0	8	2	1	3	2	0	0	0	6	2	0	0	0	0	0	0	3	0	3	0	1	0	0	0	4	2	3	1	0	0	3	0	2	2	6	2	2	0	2	0	7	2	1	3	0	0	0	0	0	1	2	5	0	0	0	1	
72_gi|401800989|gb|CP00 41	14	21	1	18	3	4	1	49	14	1	12	15	0	0	3	17	24	5	6	2	0	3	3	5	19	24	2	1	1	5	0	51	32	22	24	19	15	23	3	6	17	47	11	17	0	13	2	33	37	31	47	3	4	3	4	22	34	26	24	8	2	2	13	
73_gi|401800989|gb|CP00 6	1	6	2	3	2	2	0	15	2	0	2	3	1	1	0	6	6	1	3	1	2	2	5	6	4	12	0	2	0	5	0	13	9	17	2	7	6	15	1	3	2	18	5	5	0	9	0	15	4	11	3	1	0	1	1	1	7	15	3	1	3	4	2	
74_gi|401800989|gb|CP00 47	6	10	9	8	2	3	2	61	14	1	8	18	1	0	4	19	13	5	5	2	2	2	3	13	7	33	1	7	0	11	0	50	28	26	26	14	10	25	7	10	12	40	7	9	1	17	4	49	30	39	23	4	5	4	6	19	19	30	15	8	4	3	14	
75_gi|401800989|gb|CP00 35	6	11	3	4	3	12	1	35	14	0	2	9	1	1	0	13	8	10	13	5	2	6	1	11	6	27	3	4	0	7	2	38	24	24	19	11	12	30	2	10	7	37	17	21	1	25	9	36	32	37	18	4	3	8	3	12	25	41	6	9	3	20	9	
76_gi|401800989|gb|CP00 24	5	19	4	3	1	7	1	28	11	0	0	11	0	1	3	12	10	7	3	8	5	2	4	5	9	30	3	3	2	9	0	36	13	23	14	13	12	19	4	5	11	41	19	9	0	16	3	36	20	32	10	4	4	3	2	6	14	35	5	4	0	8	6	
77_gi|401800989|gb|CP00 16	5	2	3	3	1	5	0	11	1	1	2	2	0	0	1	4	0	0	1	1	0	0	1	1	0	2	1	1	0	4	0	2	3	5	5	3	1	6	0	0	0	7	2	1	0	5	1	3	4	5	1	2	0	0	0	5	0	7	0	0	1	0	0	
78_gi|401800989|gb|CP00 64	7	19	0	16	7	11	0	56	24	0	2	15	3	1	3	22	13	5	4	9	3	11	3	17	16	39	0	9	3	8	0	38	32	62	30	17	8	40	4	7	18	69	8	1	1	23	3	50	26	54	22	4	1	11	4	10	18	39	5	7	4	5	3	
79_gi|401800989|gb|CP00 9	0	8	2	2	0	1	0	11	3	0	0	2	0	1	2	3	0	0	1	1	0	1	0	3	1	5	0	0	0	1	1	4	5	5	8	2	1	6	2	2	1	6	2	3	0	3	0	13	1	2	4	0	0	0	0	2	2	1	1	1	0	1	3	
80_gi|401800989|gb|CP00 32	7	9	1	2	1	2	0	23	12	0	2	9	2	1	1	5	5	2	1	3	3	3	1	6	4	13	0	1	1	1	1	26	8	16	6	13	1	11	2	1	6	8	7	6	0	8	5	8	13	10	6	3	2	2	0	9	14	5	9	11	0	4	8	
81_gi|401800989|gb|CP00 19	3	4	0	3	2	3	0	27	6	1	6	7	1	0	2	6	11	4	1	1	1	1	2	2	6	9	2	0	0	2	1	28	9	13	9	12	6	6	2	5	8	9	6	5	0	6	3	21	16	13	4	2	3	3	1	12	16	4	8	4	1	2	7	
82_gi|401800989|gb|CP00 14	5	11	1	6	1	2	0	14	8	1	1	4	0	0	2	5	8	6	2	2	3	2	0	6	9	16	0	4	0	5	0	28	12	11	7	11	7	8	1	2	4	37	7	6	1	10	2	13	11	15	7	1	3	8	1	9	12	10	3	3	2	7	6	
83_gi|401800989|gb|CP00 48	8	15	6	10	5	12	1	39	18	1	2	18	0	0	4	22	8	12	4	7	6	4	2	8	9	35	3	5	2	7	1	41	17	27	20	15	10	33	7	3	11	77	13	14	2	35	4	21	20	36	8	7	8	7	3	8	14	34	6	6	2	16	2	
84_gi|401800989|gb|CP00 5	1	0	1	0	1	1	0	6	1	1	0	0	0	0	0	2	4	0	0	0	0	0	0	2	0	7	0	0	0	1	0	6	5	4	1	4	3	4	0	2	4	15	2	4	1	4	0	5	10	4	4	1	0	0	2	2	4	4	3	1	2	3	1	
85_gi|401800989|gb|CP00 7	4	3	0	1	0	1	0	11	3	1	1	3	0	0	0	3	4	0	1	2	1	2	0	5	3	3	1	0	0	1	0	12	10	3	6	5	3	4	1	3	7	25	2	6	0	7	2	7	12	15	8	2	1	0	2	2	5	7	5	0	1	2	1	
86_gi|401800989|gb|CP00 8	1	6	0	3	0	0	0	12	2	0	0	3	0	1	1	4	1	7	2	0	1	2	2	2	0	5	0	3	1	3	0	8	3	8	5	1	3	6	1	5	1	12	2	7	1	4	2	3	4	7	6	1	0	0	2	3	4	11	2	2	2	2	2	
87_gi|401800989|gb|CP00 8	2	9	6	1	0	9	0	15	5	1	2	4	0	0	2	5	5	3	4	1	1	3	3	4	1	15	0	3	0	8	2	14	3	6	2	10	4	7	2	2	1	27	2	8	0	11	3	10	7	15	3	1	3	1	0	2	6	10	1	2	0	4	2	
88_gi|401800989|gb|CP00 16	3	4	3	0	0	3	0	21	5	0	0	6	0	1	0	5	4	2	3	4	0	1	1	6	3	13	0	2	0	3	0	21	9	9	10	10	2	9	1	2	2	20	4	3	0	9	2	14	7	10	11	1	1	0	4	2	9	14	3	1	0	8	5	
89_gi|401800989|gb|CP00 41	2	15	2	8	1	4	1	20	6	0	2	6	0	1	6	4	2	1	4	2	4	0	2	1	1	8	0	3	1	7	0	29	8	17	7	9	7	9	1	2	6	11	6	11	2	10	1	11	13	10	10	5	3	2	4	5	5	8	8	2	0	2	4	
90_gi|401800989|gb|CP00 1	3	4	0	0	0	2	1	5	3	1	0	0	0	0	0	3	3	3	3	3	1	1	1	3	5	5	0	0	0	0	0	2	3	3	1	1	4	4	0	1	3	12	8	2	0	6	2	10	4	2	5	0	0	1	3	2	3	3	2	0	1	0	1	
91_gi|401800989|gb|CP00 6	1	1	0	0	0	1	0	7	0	0	0	1	0	1	2	1	3	0	3	0	3	2	3	1	1	4	0	1	0	0	0	8	4	6	1	4	1	7	0	0	3	10	7	6	1	5	2	8	9	6	4	2	2	1	1	1	4	7	0	2	0	2	0	
92_gi|401800989|gb|CP00 29	8	11	4	5	2	4	1	23	17	0	2	7	0	1	1	6	17	7	8	3	1	4	5	4	10	22	0	0	1	3	1	39	20	16	6	12	8	15	6	5	6	45	10	19	0	11	8	32	24	41	27	1	3	4	7	14	24	46	8	9	1	8	7	
93_gi|401800989|gb|CP00 7	4	5	1	0	1	4	0	7	3	0	1	3	0	1	1	5	7	1	3	0	1	4	1	3	2	16	0	1	0	3	1	6	4	10	4	3	2	9	1	3	0	15	5	1	2	8	1	7	8	4	7	1	0	1	0	1	2	12	1	0	1	4	0	
94_gi|401800989|gb|CP00 11	0	2	1	3	2	0	0	4	3	1	1	1	0	0	0	2	4	2	1	1	4	0	0	1	0	5	0	0	0	1	1	5	9	8	6	1	3	6	0	1	3	9	2	4	1	1	0	4	7	9	4	2	1	0	0	4	2	11	2	1	0	3	1	
95_gi|401800989|gb|CP00 5	0	2	1	0	0	1	2	3	0	1	0	1	0	0	0	0	1	1	2	1	1	1	2	3	3	6	2	0	0	2	0	6	1	4	2	1	1	5	0	1	1	8	3	2	0	3	1	1	3	6	2	0	1	0	0	1	4	6	0	1	0	0	0	
96_gi|401800989|gb|CP00 10	0	1	0	0	0	1	0	10	1	0	0	4	0	1	0	2	2	1	2	1	1	3	2	3	2	12	0	0	0	2	1	5	4	4	0	3	1	3	0	4	4	14	1	2	0	5	0	5	5	7	2	0	1	0	2	1	4	6	0	2	0	2	2	
97_gi|401800989|gb|CP00 25	8	6	0	4	3	6	0	24	6	1	1	5	0	0	0	12	7	2	7	4	1	3	3	4	5	26	1	1	0	3	1	27	9	15	19	11	4	16	2	2	9	26	9	8	0	8	7	11	15	21	8	3	2	3	3	2	10	26	4	4	2	13	1	
98_gi|401800989|gb|CP00 28	7	7	1	4	2	3	0	15	8	1	4	6	0	0	1	8	2	0	3	4	4	2	0	4	1	18	0	1	1	3	1	15	17	29	12	5	8	15	6	3	13	22	3	5	2	12	0	11	11	17	12	0	2	1	1	3	6	14	6	2	1	5	1	
99_gi|401800989|gb|CP00 38	7	14	0	11	2	5	0	29	6	1	2	11	2	0	6	17	14	6	4	4	0	3	2	8	5	22	3	2	0	5	0	16	18	30	11	12	9	22	3	3	8	52	13	6	1	19	2	29	32	34	18	5	4	8	4	3	11	35	1	1	0	8	4	
100_gi|401800989|gb|CP00 15	0	4	3	4	2	0	0	12	3	1	4	5	1	0	3	3	6	4	2	0	3	0	1	8	4	11	0	3	2	1	0	11	4	13	6	1	1	10	3	4	5	18	3	2	0	3	0	11	5	8	5	0	2	1	1	3	5	7	3	0	0	4	0	
101_gi|401800989|gb|CP00 39	2	14	2	8	2	2	0	31	13	0	2	8	0	1	1	7	7	1	5	1	1	4	0	7	7	14	0	2	1	4	0	34	11	12	9	16	12	9	3	3	12	23	7	13	1	9	0	24	11	12	6	2	3	2	0	12	12	7	8	5	2	5	7	
102_gi|401800989|gb|CP00 34	7	11	4	1	4	4	0	19	12	1	2	7	1	0	1	6	10	4	1	6	2	2	1	3	8	12	1	5	0	4	0	30	12	22	18	4	4	12	3	8	6	33	9	3	0	7	1	17	15	26	16	2	4	5	4	4	8	18	1	6	2	2	3	
103_gi|401800989|gb|CP00 19	0	5	2	0	1	3	1	26	5	1	0	5	1	0	1	7	9	7	1	2	2	2	2	8	5	27	2	3	0	6	4	38	13	28	6	11	8	16	4	3	3	32	4	10	1	12	4	22	9	22	9	3	3	6	1	5	12	24	2	1	3	6	0	
104_gi|401800989|gb|CP00 14	2	7	3	6	1	2	1	4	4	1	1	3	0	0	0	6	3	2	3	2	0	2	4	1	0	5	0	2	0	4	1	10	3	10	6	6	4	9	2	3	0	18	0	3	1	6	1	6	11	11	1	0	1	4	1	3	0	8	1	4	0	3	3	
105_gi|401800989|gb|CP00 12	1	11	4	2	0	3	0	16	3	0	0	3	0	1	0	9	4	2	2	2	0	3	0	1	3	6	0	0	0	2	1	20	9	9	9	4	1	11	2	6	7	20	4	4	1	7	1	16	11	17	12	0	2	1	3	6	9	15	5	4	1	2	6	
106_gi|401800989|gb|CP00 27	3	6	1	1	2	2	2	15	1	0	3	4	0	1	0	9	1	2	2	2	0	2	1	5	0	17	0	2	1	6	0	9	4	13	18	4	0	15	1	4	7	24	3	2	0	8	0	9	6	7	3	2	1	1	0	2	5	8	2	2	0	3	0	
107_gi|401800989|gb|CP00 6	3	0	1	0	0	0	0	6	1	1	0	3	0	0	0	3	0	1	1	0	0	0	0	1	1	0	0	0	0	2	0	4	1	0	1	5	1	1	0	1	0	2	1	2	0	1	1	2	2	1	3	0	0	1	0	2	1	0	3	0	0	1	1	
108_gi|401800989|gb|CP00 30	7	21	6	5	2	5	0	31	9	1	3	14	0	0	2	9	13	6	5	6	6	10	3	12	9	21	0	3	2	8	1	38	20	35	10	15	7	20	9	12	19	41	13	12	2	16	4	26	20	50	12	5	5	3	3	9	12	26	7	8	0	13	4	
109_gi|401800989|gb|CP00 12	7	4	0	1	3	4	0	11	9	0	1	4	0	1	0	6	3	2	2	0	0	1	0	1	1	3	0	3	0	0	2	16	6	3	7	3	2	6	0	1	2	10	6	2	0	4	1	16	3	11	3	1	2	1	0	1	2	5	2	1	1	0	2	
110_gi|401800989|gb|CP00 11	0	6	3	0	0	2	1	5	1	1	2	3	0	0	4	1	3	1	1	1	0	3	1	2	6	6	0	2	0	4	0	16	7	8	5	3	2	4	0	2	1	17	1	3	0	5	0	4	5	9	4	0	0	1	1	1	4	10	5	1	0	3	2	
111_gi|401800989|gb|CP00 8	3	7	0	4	0	1	1	10	2	1	0	2	0	0	1	3	3	3	3	1	0	0	1	1	1	8	0	1	0	3	0	13	3	6	3	2	3	5	3	2	2	19	2	2	1	5	0	6	5	9	3	2	1	0	1	0	2	9	3	1	0	8	1	
112_gi|401800989|gb|CP00 20	4	10	3	1	2	1	0	16	1	1	2	3	0	0	2	9	1	1	0	1	0	1	1	4	1	13	0	1	0	4	0	9	7	16	7	3	2	8	1	2	5	14	4	3	0	7	1	9	10	9	10	1	1	1	1	2	5	14	3	1	0	2	0	
113_gi|401800989|gb|CP00 15	2	10	1	4	2	4	0	23	4	1	3	5	1	0	2	9	7	1	3	2	3	5	1	3	4	8	0	1	0	4	0	19	8	20	7	8	2	10	3	6	8	23	10	11	0	13	2	20	9	15	5	0	4	1	4	4	6	24	3	8	2	2	3	
114_gi|401800989|gb|CP00 19	7	6	3	1	0	0	2	16	5	1	3	4	1	0	1	5	7	3	1	1	0	1	0	3	4	11	0	1	0	8	0	14	4	11	4	4	3	7	1	5	7	23	5	6	0	9	2	13	4	12	9	0	2	2	1	4	2	7	0	1	1	1	1	
115_gi|401800989|gb|CP00 23	10	11	0	5	0	7	1	27	10	1	2	5	1	0	2	9	7	7	2	2	0	9	1	8	4	19	1	1	0	1	0	25	10	14	7	3	4	6	2	0	9	34	6	7	0	11	0	18	8	20	13	2	3	7	3	6	8	16	6	2	1	1	4	
116_gi|401800989|gb|CP00 19	0	3	0	1	0	3	0	9	3	1	0	6	1	0	1	4	4	5	1	1	0	0	0	3	3	12	0	0	0	2	0	9	3	9	4	7	2	4	0	3	5	13	0	4	0	4	3	11	5	7	8	1	2	3	1	1	1	9	2	4	0	2	1	
117_gi|401800989|gb|CP00 31	4	6	4	6	1	4	1	25	4	1	2	6	0	0	3	5	3	6	3	0	3	1	1	9	7	17	1	3	1	6	0	21	11	17	20	9	5	13	4	3	8	33	6	8	1	11	4	12	12	14	7	1	0	5	4	6	16	20	4	4	4	7	3	
118_gi|401800989|gb|CP00 11	3	10	1	2	1	0	0	9	2	1	4	4	0	0	3	3	0	0	1	0	1	1	0	4	1	4	0	2	0	2	1	11	3	3	4	3	0	4	1	4	0	7	1	3	0	3	0	10	6	5	3	1	0	1	0	0	6	1	7	3	1	1	0	
119_gi|401800989|gb|CP00 7	2	3	3	3	4	1	1	9	1	1	0	3	0	0	0	2	0	2	1	1	0	1	0	1	0	7	0	1	0	0	0	8	2	9	4	1	1	6	0	4	3	4	0	2	0	7	1	9	9	4	5	0	1	0	2	0	8	6	2	1	0	2	3	
120_gi|401800989|gb|CP00 16	2	10	3	0	0	5	1	13	5	1	1	3	0	0	0	4	1	1	3	1	2	1	0	2	2	13	0	1	0	2	0	7	6	14	5	3	4	5	4	5	2	20	2	5	0	4	4	13	11	10	6	1	0	3	0	5	4	12	1	1	1	0	1	
121_gi|401800989|gb|CP00 17	2	4	0	2	4	1	0	7	6	0	2	3	0	1	2	4	6	0	0	2	0	0	1	3	3	18	1	2	0	3	1	9	3	15	7	1	2	6	3	2	8	10	0	5	1	3	0	9	4	11	1	1	1	2	0	2	1	10	0	1	1	1	0	
122_gi|401800989|gb|CP00 21	2	10	2	4	0	4	3	20	1	1	1	4	0	0	1	1	4	6	2	1	1	1	2	5	5	10	0	1	0	1	0	22	9	22	15	3	4	7	1	8	3	17	6	2	2	9	1	10	10	16	8	0	2	1	2	9	14	10	4	4	0	3	3	
123_gi|401800989|gb|CP00 25	4	7	1	2	2	2	1	34	5	1	2	7	2	0	1	12	5	7	3	3	1	3	1	5	3	18	1	2	0	5	2	34	6	29	17	19	11	15	2	5	8	44	12	11	2	17	3	28	21	23	14	2	2	3	8	8	7	19	8	5	1	8	6	
124_gi|401800989|gb|CP00 34	4	8	2	13	1	7	0	27	13	1	5	7	2	0	3	5	7	1	1	4	1	3	1	7	4	7	1	4	0	8	0	35	15	20	18	8	1	13	1	4	6	20	5	10	1	13	2	23	17	6	13	0	2	1	2	11	15	13	9	7	2	4	6	
125_gi|401800989|gb|CP00 25	2	4	2	1	4	6	0	20	5	1	2	11	1	0	3	5	3	2	1	1	4	0	1	3	2	6	0	2	0	1	0	19	6	12	16	11	5	5	3	5	1	4	6	9	1	2	1	12	9	4	11	1	3	1	2	7	11	3	7	3	1	1	7	
126_gi|401800989|gb|CP00 36	12	21	8	2	2	7	3	23	16	1	3	8	0	0	6	15	12	7	8	2	4	2	3	3	7	22	2	8	3	4	0	26	14	27	19	17	14	26	1	5	7	59	16	7	0	26	5	21	20	30	12	2	7	3	2	8	10	43	3	8	0	16	6	
127_gi|401800989|gb|CP00 26	2	12	1	4	1	3	2	40	3	1	1	4	0	0	3	14	2	4	0	7	1	0	0	6	1	23	0	6	0	13	0	24	11	21	9	9	5	19	4	4	8	41	5	5	1	14	2	18	10	18	1	1	1	2	2	7	7	24	1	4	7	5	2	
128_gi|401800989|gb|CP00 7	1	1	2	1	0	0	0	1	1	1	2	0	0	0	0	3	2	1	0	0	0	0	0	1	2	2	0	0	0	1	0	7	2	3	2	1	3	3	1	1	1	7	2	2	0	3	0	8	4	6	1	0	0	1	1	1	6	5	0	0	0	2	1	
129_gi|401800989|gb|CP00 13	5	10	6	2	3	6	1	20	4	0	1	3	0	1	2	7	2	3	1	1	0	2	2	2	4	6	0	3	0	2	0	15	8	13	11	3	6	8	0	2	1	27	5	5	1	8	2	10	7	9	7	1	1	0	0	0	7	10	2	2	0	1	2	
130_gi|401800989|gb|CP00 14	3	8	0	0	1	2	0	25	3	1	0	4	0	0	0	10	5	3	2	3	0	2	2	6	4	18	0	5	0	4	0	9	9	16	10	7	6	9	0	4	8	34	3	12	0	8	1	12	10	21	11	2	1	1	1	3	6	11	3	3	1	0	1	
131_gi|401800989|gb|CP00 7	3	4	2	0	3	0	0	4	5	1	0	2	0	0	0	1	4	0	4	0	0	0	0	3	2	4	1	0	0	2	0	10	3	3	9	5	0	3	1	3	0	13	2	2	0	5	2	5	1	6	4	1	1	0	0	0	2	6	1	0	1	5	0	
132_gi|401800989|gb|CP00 18	3	5	2	2	3	4	0	11	7	1	0	2	0	0	2	5	1	1	0	1	5	3	1	5	4	8	0	2	1	1	0	15	10	10	3	5	3	8	3	0	5	11	4	3	1	10	1	14	5	13	6	0	1	0	3	1	5	10	3	2	2	3	2	
133_gi|401800989|gb|CP00 9	1	2	1	0	0	0	0	3	3	1	1	4	0	0	2	4	1	0	1	1	1	0	0	0	1	7	0	1	0	0	0	4	3	4	2	1	0	7	1	4	4	13	0	1	0	4	0	6	2	2	5	0	0	1	0	3	0	4	1	1	1	0	0	
134_gi|401800989|gb|CP00 30	4	13	3	6	1	2	1	21	7	1	1	6	1	0	1	12	6	7	3	5	1	8	2	9	1	15	1	4	0	3	0	34	12	29	19	9	2	20	4	4	9	34	5	4	2	12	3	11	13	21	9	4	2	3	2	1	6	22	2	3	2	7	0	
135_gi|401800989|gb|CP00 11	0	2	1	1	0	1	1	12	1	1	0	2	0	0	0	3	1	2	0	1	1	0	0	2	1	2	0	0	0	1	0	4	1	3	4	3	0	0	3	5	0	2	2	5	0	1	0	3	4	1	0	1	0	0	0	3	0	1	1	0	1	0	1	
136_gi|401800989|gb|CP00 6	0	2	0	1	0	0	0	1	2	0	0	3	0	1	0	1	2	0	0	0	0	1	0	4	0	2	0	2	0	2	0	5	3	5	1	0	1	2	1	3	2	9	1	2	0	5	0	5	2	2	2	0	1	0	0	2	1	7	0	1	0	1	0	
137_gi|401800989|gb|CP00 7	4	3	2	0	2	2	0	9	2	1	0	0	0	0	0	0	2	4	1	0	1	2	0	3	1	6	0	0	0	0	0	6	3	6	3	3	2	4	1	2	3	12	0	2	0	2	0	3	5	4	5	1	1	0	1	2	5	7	1	2	0	2	2	
138_gi|401800989|gb|CP00 26	3	10	1	3	2	5	3	9	6	1	2	2	0	0	2	6	2	4	1	1	0	0	1	5	2	5	0	3	1	2	1	11	5	7	6	4	2	6	4	2	4	7	1	2	1	1	1	8	3	4	4	0	1	1	0	2	4	3	3	2	0	1	0	
139_gi|401800989|gb|CP00 3	0	2	0	1	0	1	0	3	1	1	0	1	0	0	0	3	1	0	1	0	0	0	0	1	2	3	1	0	0	0	0	7	5	2	2	2	0	3	1	1	2	9	0	5	0	4	0	5	2	5	3	0	1	1	0	0	3	7	0	1	2	3	0	
140_gi|401800989|gb|CP00 26	4	9	2	5	1	2	0	16	3	0	1	4	0	1	1	9	4	2	0	2	0	0	0	9	3	7	2	2	0	4	1	19	4	11	8	10	2	4	2	1	7	7	2	7	0	6	1	10	8	7	7	5	1	2	1	3	4	6	3	8	3	0	2	
141_gi|401800989|gb|CP00 29	4	7	6	4	0	4	0	24	6	0	2	6	1	1	0	15	9	9	7	2	3	4	5	6	4	25	1	1	0	3	0	24	10	22	6	8	11	6	5	4	8	32	3	11	1	13	3	18	14	23	9	3	2	1	0	6	9	32	5	1	1	7	5	
142_gi|401800989|gb|CP00 22	1	11	2	4	1	10	2	25	4	1	2	4	0	0	1	6	8	6	1	3	4	4	0	10	4	16	0	2	1	5	1	18	6	16	17	7	4	20	2	4	4	29	4	6	0	6	4	15	4	16	11	3	3	1	1	1	8	10	5	3	0	1	0	
143_gi|401800989|gb|CP00 26	8	18	7	1	3	6	2	32	6	1	0	15	2	0	1	5	9	11	3	7	3	0	3	6	8	23	0	5	0	1	1	33	4	13	19	17	6	16	0	7	7	38	11	9	1	22	4	25	8	33	13	1	2	5	2	8	18	27	5	3	4	12	13	
144_gi|401800989|gb|CP00 24	7	10	7	2	6	7	0	21	8	1	1	8	2	0	2	9	10	13	6	1	2	4	1	6	7	16	2	0	0	2	3	39	9	27	15	24	8	16	2	7	4	25	6	15	1	20	2	20	17	26	19	3	3	4	5	6	12	24	2	5	0	10	6	
145_gi|401800989|gb|CP00 3	0	1	0	1	3	0	0	1	3	0	1	4	0	1	0	1	1	0	0	2	1	1	0	2	1	7	1	0	2	0	0	0	4	4	7	0	4	2	1	2	1	8	0	5	0	10	4	0	2	5	1	2	3	1	2	2	3	6	1	7	2	7	4	
146_gi|401800989|gb|CP00 3	0	1	0	1	1	1	0	5	0	1	0	4	0	0	2	1	2	1	0	0	2	0	0	0	2	1	1	1	1	2	0	1	1	11	3	4	4	2	1	0	1	4	1	0	4	3	0	1	2	4	2	0	0	1	0	1	2	1	3	2	0	2	4	
147_gi|401800989|gb|CP00 3	2	3	1	2	3	4	3	4	6	1	3	5	1	0	2	3	1	2	1	1	3	0	0	0	3	8	0	0	0	6	0	4	7	8	8	4	5	9	2	0	3	7	1	2	1	9	3	2	0	6	2	1	2	2	5	1	4	4	2	7	0	1	4	
148_gi|401800989|gb|CP00 1	0	1	0	0	2	1	0	0	1	0	2	1	0	1	1	0	0	1	0	1	3	0	1	1	2	4	0	2	0	1	0	2	1	7	8	1	3	2	0	0	0	6	1	1	1	3	1	1	0	4	2	0	1	2	3	0	6	2	1	2	2	1	6	
149_gi|401800989|gb|CP00 0	2	0	2	3	2	3	0	4	4	1	1	5	0	0	1	1	1	1	0	1	2	1	1	0	0	5	1	1	0	0	0	1	0	5	2	1	3	6	0	0	0	4	1	4	0	6	0	1	0	1	0	0	1	2	0	0	2	4	2	1	0	1	2	
150_gi|401800989|gb|CP00 61	13	28	4	21	5	15	2	47	12	1	10	20	1	0	7	26	11	7	14	8	2	9	8	13	14	41	3	12	1	17	2	46	26	44	31	26	10	47	4	9	14	69	18	7	0	27	3	36	27	50	21	4	2	8	3	12	18	66	4	11	2	22	12	
151_gi|401800989|gb|CP00 20	4	5	1	2	4	3	0	20	5	1	3	7	1	0	0	8	7	2	3	2	3	1	2	3	9	20	0	0	0	3	2	32	11	23	15	13	2	16	6	6	7	39	2	4	2	17	4	30	12	29	12	4	3	6	2	4	9	32	2	5	1	11	5	
152_gi|401800989|gb|CP00 2	0	2	2	0	0	0	0	7	0	0	0	1	0	1	0	7	0	1	1	2	0	2	0	1	0	6	0	0	0	0	0	2	1	3	2	0	1	1	0	2	2	9	3	2	0	4	1	4	1	4	2	0	1	1	1	2	3	4	0	0	0	0	0	
153_gi|401800989|gb|CP00 21	3	8	3	4	0	1	1	30	10	0	0	10	1	1	2	4	14	9	2	2	0	5	0	5	3	20	0	1	0	9	0	38	18	28	12	19	7	15	2	8	6	42	8	9	3	23	3	29	21	27	23	1	3	5	4	8	19	24	5	10	3	12	16	
154_gi|401800989|gb|CP00 5	1	4	1	0	0	1	0	4	1	1	0	3	0	0	0	1	1	3	1	1	0	1	2	1	0	4	0	0	0	3	1	7	1	6	3	3	0	2	2	2	0	6	1	2	1	4	0	6	5	7	1	0	0	1	0	3	4	2	1	2	0	1	0	
155_gi|401800989|gb|CP00 15	4	5	0	3	2	0	1	12	5	1	4	5	0	0	2	8	7	2	3	2	2	0	0	3	6	8	0	0	1	0	0	14	8	14	6	7	3	10	1	2	4	20	6	5	0	9	2	17	10	9	5	1	2	2	0	3	6	6	2	4	1	0	1	
156_gi|401800989|gb|CP00 17	0	8	2	1	1	1	0	17	3	1	0	6	0	0	4	5	2	7	1	1	0	1	0	3	3	13	0	3	0	3	1	14	6	12	7	3	3	13	2	2	5	14	4	4	0	10	1	8	5	13	8	1	1	0	1	5	6	9	0	4	0	1	4	
157_gi|401800989|gb|CP00 20	4	14	3	0	3	3	1	21	8	0	5	8	0	1	0	10	4	5	1	2	5	2	0	9	4	11	0	4	1	5	0	24	12	12	11	17	7	14	3	6	5	22	6	6	0	16	2	22	9	20	4	1	4	4	1	9	6	16	0	5	1	3	3	
158_gi|401800989|gb|CP00 39	3	7	6	6	2	4	1	32	0	1	2	16	2	0	2	7	5	5	3	3	3	4	1	2	1	8	0	4	0	3	1	16	10	12	15	13	4	5	3	3	4	14	4	6	2	8	2	15	10	8	9	1	0	2	1	4	4	4	3	8	1	7	5	
159_gi|401800989|gb|CP00 20	1	8	4	2	0	2	2	29	5	0	3	4	0	1	1	10	1	2	3	3	0	0	1	5	2	12	1	3	1	15	0	19	11	19	9	12	5	21	4	1	2	41	4	6	2	16	2	8	7	15	2	2	1	3	0	3	7	27	0	3	0	15	2	
160_gi|401800989|gb|CP00 9	7	6	1	1	1	3	1	9	5	1	1	4	0	0	0	5	1	15	2	2	0	5	0	2	1	6	1	1	0	1	0	11	13	12	8	4	3	8	1	2	6	19	3	8	0	6	2	6	10	13	6	0	2	5	3	2	4	22	1	1	0	6	1	
161_gi|401800989|gb|CP00 13	0	4	1	3	1	3	0	10	0	1	1	1	2	0	0	5	2	0	2	2	0	0	0	1	0	2	0	4	0	3	0	12	1	0	5	6	0	6	1	0	2	5	1	3	0	4	0	2	4	6	3	0	0	0	1	1	6	6	0	1	0	0	0	
162_gi|401800989|gb|CP00 2	2	2	0	0	1	0	0	5	1	0	0	0	0	1	0	3	4	1	2	1	1	1	1	0	1	1	0	2	0	1	0	6	2	3	1	5	2	1	2	1	1	9	1	2	1	8	0	7	1	5	2	0	0	0	0	2	1	2	1	2	0	4	2	
163_gi|401800989|gb|CP00 12	1	5	1	1	1	1	1	7	3	1	1	2	0	0	0	2	5	4	1	2	2	1	1	3	3	10	0	1	0	7	0	9	9	5	3	6	4	5	1	5	1	20	3	4	2	15	4	12	4	6	15	1	2	0	4	3	6	10	2	3	3	5	7	
164_gi|401800989|gb|CP00 10	0	3	1	0	1	1	0	8	3	0	0	3	0	1	0	7	2	1	1	2	2	3	0	5	3	11	1	2	0	3	0	2	10	4	5	7	1	8	0	3	1	23	4	2	1	9	0	4	10	4	9	1	3	0	1	6	3	6	1	5	0	3	2	
165_gi|401800989|gb|CP00 3	0	3	0	0	0	1	0	4	0	1	0	1	0	0	0	0	4	0	0	2	0	0	0	4	2	1	0	0	0	1	0	7	6	1	2	2	3	4	0	1	2	12	2	3	1	7	0	1	1	3	1	2	1	0	1	3	3	4	1	1	1	1	3	
166_gi|401800989|gb|CP00 5	3	6	3	0	2	5	0	8	4	1	0	1	2	0	1	6	7	9	6	2	1	6	3	0	3	5	0	2	1	2	0	15	9	4	7	9	2	13	1	1	2	18	12	5	2	11	2	12	3	9	12	2	1	3	3	1	7	7	5	1	1	2	10	
167_gi|401800989|gb|CP00 5	0	1	0	2	1	0	0	1	2	0	0	1	0	1	1	0	1	2	1	1	0	2	0	0	2	2	0	0	0	0	0	3	5	1	4	1	2	5	0	0	0	8	4	3	0	4	0	3	2	3	4	0	1	0	1	1	1	1	0	3	0	2	0	
168_gi|401800989|gb|CP00 3	2	1	1	0	1	2	1	9	2	1	0	1	0	0	0	3	1	1	1	0	2	2	0	2	1	10	0	1	0	1	1	5	2	7	3	3	2	4	2	0	2	12	5	4	1	9	0	4	6	3	3	0	2	0	0	1	2	3	1	3	2	1	3	
169_gi|401800989|gb|CP00 4	2	7	0	0	1	0	0	8	7	0	2	2	0	1	2	4	2	1	4	4	1	2	2	3	3	13	0	0	1	1	1	15	9	13	4	12	9	11	0	3	1	15	6	7	0	9	3	4	7	7	3	1	4	2	8	7	11	7	1	3	1	4	4	
170_gi|401800989|gb|CP00 3	0	3	0	1	0	1	1	3	4	1	2	1	0	0	2	0	3	2	0	1	2	2	0	1	2	2	0	0	0	1	1	2	3	2	2	6	3	4	0	0	2	12	5	7	0	6	2	8	5	1	6	1	1	0	2	0	2	6	3	2	2	3	2	
171_gi|401800989|gb|CP00 1	0	0	0	0	1	2	0	7	2	1	2	1	0	0	0	7	3	2	0	2	1	0	2	4	1	6	0	3	0	0	0	4	5	1	1	2	1	7	1	0	1	17	2	1	0	15	1	6	2	1	2	0	2	1	0	3	1	14	0	1	0	2	0	
172_gi|401800989|gb|CP00 12	3	0	3	0	0	0	0	9	6	0	0	1	0	1	1	1	1	0	0	0	0	0	0	1	0	1	0	0	0	0	0	0	5	0	0	1	2	0	0	0	1	2	0	0	0	0	0	3	3	2	6	1	1	0	0	0	0	1	0	0	0	0	0	
173_gi|401800989|gb|CP00 2	0	1	0	0	1	1	0	2	2	0	1	1	0	1	0	2	1	4	2	0	1	1	2	0	0	2	0	0	0	1	1	6	1	2	0	1	1	2	1	0	4	8	2	1	0	4	2	4	3	2	2	2	0	0	1	3	2	3	0	0	0	0	0	
174_gi|401800989|gb|CP00 2	0	1	1	2	1	2	0	4	1	1	0	2	0	0	0	2	1	1	1	0	0	1	1	1	2	5	0	0	0	0	0	3	0	4	1	4	2	1	1	0	4	8	6	3	0	5	1	11	5	5	6	1	0	1	2	3	3	2	3	3	1	2	0	
175_gi|401800989|gb|CP00 2	0	0	0	0	0	1	0	4	0	1	0	0	0	0	0	2	2	0	0	0	0	1	1	0	2	7	0	0	0	2	0	5	5	4	1	3	2	4	1	1	3	13	2	1	0	10	1	4	1	3	4	2	3	0	1	2	0	2	0	2	1	1	2	
176_gi|401800989|gb|CP00 6	3	4	1	2	2	1	0	7	3	0	1	1	0	1	0	3	2	0	1	1	2	1	2	3	0	6	0	6	1	2	0	11	7	5	1	6	2	5	0	0	1	13	5	5	1	6	2	6	6	5	5	3	0	3	3	2	4	8	1	0	0	1	2	
177_gi|401800989|gb|CP00 2	0	1	4	1	1	1	0	3	2	1	1	1	0	0	0	1	0	0	3	0	1	1	1	0	1	1	0	0	0	0	0	0	0	1	1	1	1	0	1	0	0	6	1	1	0	1	3	1	3	0	1	0	0	1	0	2	4	1	2	2	0	0	1	
178_gi|401800989|gb|CP00 2	3	3	1	2	2	2	0	9	1	1	0	2	0	0	1	5	0	1	1	0	2	0	0	1	2	1	0	0	0	2	0	7	5	5	2	7	4	2	0	3	1	13	3	2	0	6	2	6	6	4	3	0	1	0	1	1	2	2	2	3	0	3	2	
179_gi|401800989|gb|CP00 5	0	3	0	1	1	1	0	9	1	1	1	2	0	0	0	3	4	1	1	2	2	1	0	2	3	5	0	1	0	2	0	8	9	5	3	6	3	11	0	2	3	17	4	2	0	9	0	9	1	1	6	0	1	1	2	5	2	7	3	2	1	5	5	
180_gi|401800989|gb|CP00 3	0	0	0	0	1	1	0	6	2	1	0	0	1	0	1	2	0	1	0	1	0	1	0	4	0	3	1	0	0	0	1	6	2	3	4	3	1	8	0	0	2	9	3	2	0	7	4	6	5	4	3	1	0	1	1	1	2	1	2	2	1	1	1	
181_gi|401800989|gb|CP00 5	1	2	0	0	5	2	0	7	2	1	0	4	0	0	0	4	3	6	1	2	3	2	2	1	2	3	0	0	0	0	1	11	7	3	5	8	4	11	0	0	2	24	4	4	0	10	1	4	3	4	8	2	4	0	2	3	6	5	3	4	2	4	5	
182_gi|401800989|gb|CP00 2	1	1	0	0	2	1	0	8	3	1	0	4	1	0	1	1	2	1	2	4	2	3	1	1	0	6	0	0	0	0	1	4	6	5	3	4	1	5	2	0	4	20	2	1	0	5	3	5	3	0	6	1	0	0	2	2	3	4	3	4	0	0	4	
183_gi|401800989|gb|CP00 28	4	7	0	4	6	6	0	25	13	0	0	10	1	1	2	9	9	0	2	2	7	1	0	10	6	20	2	4	2	7	3	35	17	9	14	22	7	12	1	3	5	9	6	7	1	5	6	14	18	6	7	3	3	2	5	4	14	7	2	13	2	7	19	
184_gi|401800989|gb|CP00 9	0	6	5	2	0	1	1	7	1	1	0	1	0	0	0	5	0	1	0	1	1	1	0	6	7	8	0	4	0	6	1	14	5	6	6	6	3	10	1	0	6	13	4	3	0	5	4	9	2	11	7	3	1	1	0	2	6	6	2	2	0	1	1	
185_gi|401800989|gb|CP00 11	1	7	8	4	1	1	0	11	0	1	0	1	1	0	2	5	3	6	1	1	0	1	0	5	1	8	0	1	2	2	0	9	6	7	5	9	1	12	0	2	3	14	0	6	2	9	1	10	4	9	8	1	0	2	4	4	11	10	1	1	2	5	6	
186_gi|401800989|gb|CP00 2	1	1	0	0	0	1	0	0	0	1	0	1	0	0	0	1	1	2	0	2	1	0	0	3	0	1	0	1	0	0	1	2	0	1	0	1	2	2	0	2	1	6	2	4	0	4	1	4	0	5	4	0	0	0	0	0	2	3	0	2	0	2	1	
187_gi|401800989|gb|CP00 0	0	0	2	0	0	0	1	1	0	1	0	0	0	0	0	0	0	0	1	0	0	2	1	0	1	2	0	0	0	0	0	1	0	0	0	4	1	0	1	0	0	6	1	1	0	3	2	1	0	1	0	0	0	0	0	1	1	0	1	1	0	0	0	
188_gi|401800989|gb|CP00 1	1	0	0	0	0	2	0	4	1	1	1	2	0	0	0	1	2	0	0	0	1	2	2	1	1	2	1	2	0	0	1	8	1	0	3	7	2	7	1	1	4	12	10	1	0	4	0	2	3	4	4	0	0	0	1	1	6	3	1	1	1	5	3	
189_gi|401800989|gb|CP00 2	0	1	1	1	1	1	2	0	3	1	1	2	0	0	0	0	5	1	1	0	3	1	1	0	0	0	0	1	1	0	0	4	2	6	4	3	4	1	2	1	3	8	3	4	2	8	0	2	5	2	5	2	1	1	1	3	2	2	4	2	1	1	3	
190_gi|401800989|gb|CP00 15	3	5	4	2	2	1	0	15	6	1	1	4	1	0	0	7	1	1	1	4	1	3	1	5	6	10	1	0	2	1	1	18	9	6	7	9	4	13	1	0	4	15	7	6	0	16	2	8	7	6	9	2	3	5	3	4	8	19	1	13	2	12	5	
191_gi|401800989|gb|CP00 3	0	2	0	0	0	1	0	8	2	1	1	2	0	0	1	1	0	0	4	1	0	1	0	0	1	4	0	1	0	2	0	5	3	4	4	1	6	6	0	1	2	9	3	3	0	6	3	3	5	5	3	0	0	0	0	2	2	1	1	6	0	2	2	
192_gi|401800989|gb|CP00 13	3	3	4	1	2	2	0	10	9	0	1	1	0	1	0	2	5	3	1	1	2	0	0	5	2	11	0	5	0	5	1	18	7	7	7	11	6	5	0	2	3	22	3	5	1	8	1	12	6	11	4	0	3	2	5	2	3	12	1	3	1	4	7	
193_gi|401800989|gb|CP00 13	0	6	2	3	2	3	0	9	4	1	0	5	0	0	1	6	4	1	1	1	5	4	2	4	6	13	1	2	0	5	0	21	6	6	6	6	4	10	0	4	1	22	2	8	2	10	2	8	9	12	8	2	1	2	1	4	7	12	1	8	4	6	6	
194_gi|401800989|gb|CP00 41	2	10	0	2	5	3	0	28	6	0	2	7	1	1	5	6	5	1	2	7	0	3	1	8	8	9	1	5	1	2	2	21	9	15	16	11	7	13	4	1	3	10	5	7	2	10	7	16	9	13	5	5	5	2	5	10	15	7	3	2	3	0	6	
195_gi|401800989|gb|CP00 12	0	6	5	1	0	2	0	9	3	0	1	10	1	1	1	3	1	3	0	3	2	3	1	3	1	10	0	2	1	3	1	14	7	6	10	3	4	11	2	4	3	16	4	2	0	6	3	11	4	8	6	0	3	0	3	3	2	8	0	6	2	0	5	
196_gi|401800989|gb|CP00 30	4	23	4	5	3	13	0	26	12	1	3	11	0	0	5	14	6	9	2	4	3	6	3	11	4	31	0	3	1	11	1	30	14	21	17	11	6	32	4	2	6	47	4	5	3	18	1	20	16	23	8	1	5	3	3	5	14	22	0	3	4	7	4	
197_gi|401800989|gb|CP00 30	2	11	6	3	1	3	0	15	2	0	1	3	1	1	3	2	3	4	0	2	5	2	1	1	2	11	0	2	0	6	0	12	7	19	7	2	7	23	1	4	5	22	2	3	0	12	2	8	5	13	6	1	2	2	2	5	5	6	4	4	0	2	2	
198_gi|401800989|gb|CP00 41	6	16	1	3	7	5	0	27	18	1	2	5	2	0	3	11	8	4	2	2	2	2	2	8	5	24	1	6	1	3	0	21	29	46	40	14	13	29	10	3	10	51	2	4	1	14	4	26	31	37	11	1	4	5	5	10	19	21	4	7	0	8	4	
199_gi|401800989|gb|CP00 5	2	2	0	0	2	4	0	3	10	1	3	5	2	0	2	3	2	2	1	3	2	1	0	3	4	8	0	1	1	4	0	2	4	10	11	6	9	9	1	2	5	14	1	4	1	6	2	4	3	6	4	0	0	3	3	2	5	8	4	5	3	3	6	
200_gi|401800989|gb|CP00 0	2	1	0	1	1	1	0	3	4	1	3	5	0	0	0	2	2	1	1	0	0	0	1	1	1	7	0	4	1	2	1	4	1	3	4	3	3	5	0	2	4	5	2	5	1	5	1	1	0	0	1	0	0	2	0	0	3	3	3	2	0	0	3	
201_gi|401800989|gb|CP00 17	2	7	0	2	1	0	1	11	2	1	3	6	2	0	1	1	3	1	2	1	3	3	3	5	5	7	0	2	1	0	0	6	5	13	6	5	3	11	6	5	2	16	3	3	0	0	3	7	10	7	6	1	3	3	1	3	8	11	1	2	0	4	4	
202_gi|401800989|gb|CP00 21	2	9	4	3	0	3	0	29	6	1	3	8	1	0	1	15	7	5	1	9	3	8	4	11	5	28	0	2	1	16	3	38	17	16	23	6	14	30	3	2	5	49	6	7	0	17	2	26	9	16	10	6	1	3	2	4	13	26	3	5	5	10	3	
203_gi|401800989|gb|CP00 28	4	7	1	5	3	4	0	24	5	0	3	13	1	1	5	10	5	3	4	5	6	0	0	1	1	10	1	4	2	7	0	12	6	10	11	14	5	8	3	1	4	8	2	3	2	6	0	5	7	7	4	2	6	1	3	5	5	5	2	10	2	0	8	
204_gi|401800989|gb|CP00 23	3	5	1	4	1	5	1	18	4	1	7	11	0	0	3	6	2	1	1	4	4	1	2	3	4	6	0	7	1	2	2	18	4	8	16	7	5	14	3	3	4	12	4	9	3	5	3	9	5	9	3	2	4	1	2	4	5	3	1	9	2	2	7	
205_gi|401800989|gb|CP00 16	0	11	7	1	0	3	0	9	2	1	1	3	0	0	1	3	1	6	0	1	1	4	1	6	2	10	0	4	0	1	0	13	7	13	8	10	3	15	4	10	4	18	7	4	1	10	5	8	9	18	4	2	3	1	0	2	10	9	6	9	3	5	3	
206_gi|401800989|gb|CP00 61	23	25	0	13	15	15	0	48	19	1	18	23	4	0	11	19	32	9	3	14	25	12	4	23	28	43	0	5	6	18	1	27	46	58	75	28	44	69	8	7	22	58	16	16	10	48	11	30	33	62	39	9	5	16	18	28	31	34	21	21	1	19	32	
207_gi|401800989|gb|CP00 31	12	23	0	18	12	11	0	22	34	0	6	22	3	1	8	13	23	5	4	9	9	3	0	12	15	39	1	2	3	10	2	21	31	33	51	31	36	49	5	3	16	49	10	10	9	21	7	31	30	49	22	13	6	8	10	12	33	22	12	22	4	10	30	
208_gi|401800989|gb|CP00 2	0	0	0	0	1	1	0	1	4	0	4	4	1	1	1	3	3	2	0	2	2	1	0	2	3	7	0	2	1	1	1	1	3	4	3	1	0	2	0	1	1	8	3	1	1	10	5	2	1	4	2	3	0	1	1	2	2	4	1	8	1	4	7	
209_gi|401800989|gb|CP00 5	0	3	0	1	4	1	0	6	1	0	1	3	0	1	1	0	1	1	0	2	3	0	0	1	1	2	0	1	3	2	0	0	4	6	9	3	7	6	1	0	1	4	2	1	0	6	0	0	1	4	4	2	0	1	2	0	0	3	1	2	2	4	4	
210_gi|401800989|gb|CP00 3	1	5	0	2	4	1	0	4	5	0	4	5	1	1	1	5	2	2	2	1	2	1	0	2	4	8	1	1	1	4	0	3	4	7	12	3	4	12	2	0	2	12	2	3	2	12	1	2	0	6	1	1	1	2	5	2	3	4	1	8	1	3	4	
211_gi|401800989|gb|CP00 2	1	1	0	2	1	2	0	4	0	0	1	4	2	1	0	3	2	2	0	1	1	0	0	1	1	4	1	2	1	4	1	2	2	2	3	4	2	6	1	2	3	8	0	4	0	4	1	0	1	0	1	1	1	0	0	1	4	5	3	2	0	0	2	
212_gi|401800989|gb|CP00 20	6	5	6	4	3	2	0	19	3	1	2	1	1	0	3	7	3	5	2	1	2	3	1	7	3	9	0	2	0	4	0	18	15	18	12	8	12	9	1	2	3	17	3	7	1	12	4	6	4	21	3	2	1	3	0	0	8	10	3	2	2	2	8	
213_gi|401800989|gb|CP00 46	6	10	9	6	3	9	1	36	9	0	5	7	2	1	0	16	8	12	2	9	6	4	3	12	9	34	0	11	0	8	0	51	20	29	28	25	16	50	9	5	11	53	6	11	0	24	4	32	10	33	6	3	3	10	6	7	10	31	4	8	2	5	11	
214_gi|401800989|gb|CP00 6	2	2	0	2	1	2	0	12	0	0	0	3	0	1	1	0	3	3	2	1	0	1	0	3	4	7	0	0	1	5	0	6	2	4	2	4	5	5	1	4	1	17	4	2	2	9	2	8	7	6	1	3	2	2	2	2	4	9	0	1	0	2	1	
215_gi|401800989|gb|CP00 1	0	1	0	0	1	0	0	1	2	0	0	2	0	1	0	0	0	1	0	2	1	3	4	0	0	3	0	0	0	0	0	4	2	0	2	0	3	1	1	0	0	9	1	1	0	3	0	0	3	0	1	0	0	0	0	1	1	1	1	1	1	0	0	
216_gi|401800989|gb|CP00 4	2	2	0	0	0	1	0	4	1	0	0	2	1	1	2	1	1	0	5	0	0	0	0	1	2	4	0	2	0	1	0	4	5	7	1	5	2	1	2	1	3	14	5	2	0	6	3	3	5	1	1	1	1	0	0	1	6	3	1	1	0	1	2	
217_gi|401800989|gb|CP00 11	2	5	2	1	0	2	0	17	3	0	0	6	1	1	0	6	1	3	0	2	2	3	1	3	1	13	0	5	0	10	0	12	6	11	7	2	2	7	2	0	8	15	2	1	0	7	0	5	4	12	4	1	1	1	4	4	4	7	0	3	1	1	1	
218_gi|401800989|gb|CP00 9	3	5	1	2	0	0	0	6	6	1	1	3	0	0	0	7	1	0	0	3	1	0	2	4	2	13	0	1	0	2	0	7	1	6	2	6	5	10	1	0	1	20	2	6	0	12	2	5	6	5	2	3	5	4	1	5	4	15	0	1	2	4	2	
219_gi|401800989|gb|CP00 5	1	2	0	0	1	0	0	5	7	0	0	3	1	1	0	3	0	0	0	2	2	1	0	1	0	5	0	1	0	2	0	2	2	5	7	2	3	5	0	2	1	7	2	1	0	5	1	2	3	6	3	0	0	2	1	2	1	7	0	1	1	3	3	
220_gi|401800989|gb|CP00 24	2	9	3	8	0	9	1	21	9	1	1	12	1	0	3	10	6	7	3	7	3	6	2	13	1	25	1	5	1	6	0	26	22	16	20	27	12	27	5	0	8	39	8	9	1	30	3	18	17	32	15	5	4	3	7	3	9	27	7	9	1	12	12	
221_gi|401800989|gb|CP00 38	4	17	7	1	4	7	1	32	8	0	2	8	0	1	0	13	8	6	3	6	5	6	4	18	8	32	3	5	1	8	2	51	20	20	32	25	12	38	6	4	9	56	7	14	2	24	4	23	20	31	14	5	2	8	4	4	20	32	6	8	2	11	10	
222_gi|401800989|gb|CP00 14	3	10	1	2	2	3	0	19	4	1	1	2	0	0	0	5	2	1	1	4	1	4	3	4	3	17	1	3	0	5	1	19	7	9	8	16	12	14	1	4	1	25	3	4	2	12	2	11	9	13	4	4	4	2	2	4	4	9	2	3	0	13	4	
223_gi|401800989|gb|CP00 31	1	17	5	5	1	6	3	30	7	1	1	6	0	0	1	10	7	6	1	9	3	13	1	9	6	31	0	4	4	11	0	32	21	18	20	12	13	22	4	3	3	49	6	6	1	22	3	21	10	27	12	2	6	3	1	2	15	16	3	4	1	6	4	
224_gi|401800989|gb|CP00 7	0	12	6	2	1	1	0	11	1	1	0	3	0	0	1	4	5	1	0	1	1	1	1	4	1	3	0	3	0	4	0	10	4	4	8	6	4	9	6	2	3	9	1	4	0	8	1	4	5	6	4	1	0	1	1	0	3	10	1	2	0	4	1	
225_gi|401800989|gb|CP00 13	1	6	4	3	0	1	0	18	4	1	0	7	0	0	0	7	6	7	2	2	2	5	2	3	5	8	0	5	0	4	0	11	10	12	7	5	6	13	5	3	3	21	4	5	1	11	2	13	4	10	4	2	4	3	0	5	11	8	2	4	0	3	1	
226_gi|401800989|gb|CP00 22	0	3	3	5	1	3	0	17	6	1	1	0	0	0	0	3	0	1	1	1	0	1	0	0	1	5	0	2	0	5	0	7	4	6	3	5	3	7	1	2	2	10	3	6	0	1	0	6	2	5	6	0	0	0	2	4	3	0	2	3	2	2	3	
227_gi|401800989|gb|CP00 10	1	8	2	2	0	4	0	9	4	0	4	3	1	1	2	5	2	2	3	1	2	0	1	6	0	3	1	3	0	9	0	5	7	2	6	5	2	10	4	0	7	16	0	3	0	13	0	4	5	13	6	1	0	3	1	0	1	9	0	0	1	6	1	
228_gi|401800989|gb|CP00 2	0	0	0	0	0	1	0	5	1	1	0	1	0	0	0	0	1	2	0	0	0	1	5	1	0	2	0	1	0	1	1	1	0	1	1	0	0	0	1	2	0	6	1	1	0	5	3	1	2	2	0	0	0	0	0	1	2	4	0	1	0	1	1	
229_gi|401800989|gb|CP00 6	0	5	1	2	0	1	0	7	1	1	1	5	0	0	0	2	1	0	3	0	1	3	1	3	0	2	0	1	0	3	1	6	4	5	3	1	2	8	0	0	0	13	0	2	0	4	1	2	5	13	2	1	0	2	0	0	3	11	0	1	0	6	2	
230_gi|401800989|gb|CP00 3	0	3	3	2	0	2	1	7	1	1	2	2	0	0	0	3	0	2	0	0	0	1	1	3	1	5	1	1	0	1	1	3	6	5	5	4	1	7	1	1	0	6	1	1	0	2	0	6	4	2	0	0	0	0	0	0	2	5	1	2	1	0	2	
231_gi|401800989|gb|CP00 15	2	5	2	2	0	4	0	14	4	0	1	3	0	1	0	4	6	1	0	1	1	1	1	5	8	5	1	3	0	2	1	20	4	8	10	6	2	12	4	2	3	19	4	4	0	9	4	10	9	8	2	1	2	2	2	7	3	9	3	4	0	1	2	
232_gi|401800989|gb|CP00 23	4	12	3	4	2	6	0	26	4	1	2	5	0	0	0	10	3	4	1	10	4	4	2	8	3	22	1	6	1	9	1	14	10	20	11	13	7	26	4	3	7	37	3	8	0	10	1	21	12	23	4	1	1	6	1	4	8	19	0	9	0	7	1	
233_gi|401800989|gb|CP00 11	2	5	1	1	2	1	1	11	2	1	0	6	0	0	0	3	5	2	0	3	2	1	1	3	2	5	1	0	0	0	0	13	2	5	2	5	3	3	3	1	3	17	4	2	0	6	3	4	6	13	4	1	1	1	2	1	6	8	2	5	1	5	4	
234_gi|401800989|gb|CP00 16	0	11	4	3	2	0	1	15	2	1	1	5	1	0	0	3	4	2	3	4	0	5	1	3	1	8	1	2	0	3	1	12	7	11	14	7	9	20	3	4	1	15	2	8	2	6	1	16	10	12	10	1	2	2	3	4	11	12	4	3	0	1	8	
235_gi|401800989|gb|CP00 11	6	16	5	4	1	9	0	18	3	0	2	4	0	1	1	10	9	6	1	2	2	3	2	3	2	12	1	5	0	7	2	27	10	14	13	18	10	26	4	4	7	33	4	12	1	15	9	24	20	25	11	5	3	7	4	4	17	16	0	7	2	3	6	
236_gi|401800989|gb|CP00 27	4	16	0	2	1	10	0	7	9	1	0	4	0	0	0	4	12	2	2	0	8	1	1	6	9	65	0	1	0	7	0	3	3	23	4	6	4	22	3	1	3	8	9	6	0	6	2	2	4	23	9	1	1	2	0	1	4	17	2	0	0	4	1	
237_gi|401800989|gb|CP00 64	10	29	1	21	12	15	0	84	16	1	2	25	2	0	1	47	8	11	30	25	2	18	20	34	6	176	2	23	1	42	5	41	24	74	31	24	30	76	8	6	7	143	26	14	4	81	14	40	51	85	8	2	13	16	2	4	32	150	0	2	5	58	2	
238_gi|401800989|gb|CP00 2	1	0	0	0	0	0	0	6	3	1	0	0	0	0	3	3	4	2	0	1	2	0	0	2	7	8	0	1	0	0	1	4	9	4	6	3	3	1	0	1	4	24	1	1	0	3	0	13	1	5	1	0	1	2	1	2	3	5	2	2	0	2	0	
239_gi|401800989|gb|CP00 6	4	4	0	1	2	0	0	3	0	1	1	0	0	0	0	2	0	1	0	0	0	0	1	1	2	3	0	0	0	0	1	2	2	9	5	0	3	1	1	1	1	5	0	2	0	1	0	5	2	3	3	0	1	1	0	1	6	1	3	0	0	1	1	
240_gi|401800989|gb|CP00 9	0	3	2	2	0	0	0	4	2	1	0	2	0	0	1	4	3	1	1	1	0	0	2	6	1	5	0	1	0	0	0	5	0	5	6	4	4	8	3	1	3	10	4	2	0	4	1	3	7	7	2	1	0	4	1	1	3	8	0	4	0	3	0	
241_gi|401800989|gb|CP00 15	0	4	2	2	3	2	1	11	3	0	0	1	1	1	0	10	7	3	3	4	1	5	1	10	3	15	0	2	2	4	0	16	10	14	6	11	4	16	3	1	6	26	1	4	0	6	3	10	5	8	4	0	2	3	0	4	7	12	5	3	1	1	2	
242_gi|401800989|gb|CP00 26	2	12	3	6	2	5	0	16	3	1	0	8	1	0	0	6	2	3	0	2	1	5	2	7	4	17	0	8	0	8	0	23	7	12	10	10	9	27	5	0	8	31	4	10	0	18	0	19	8	23	9	1	1	2	1	2	4	7	1	2	3	5	0	
243_gi|401800989|gb|CP00 23	2	7	3	2	0	4	0	13	3	1	1	3	0	0	0	10	3	1	1	3	2	7	0	4	5	16	0	2	0	7	0	17	11	16	8	10	4	20	3	7	7	25	1	3	2	14	1	13	9	16	9	2	3	3	2	2	7	14	7	3	1	3	4	
244_gi|401800989|gb|CP00 44	6	17	1	6	2	3	0	20	15	0	2	9	0	1	6	12	6	1	0	5	1	1	1	8	2	10	0	4	1	4	2	27	15	13	7	15	7	17	4	11	7	20	9	5	1	11	0	20	13	11	14	4	2	0	2	5	21	9	8	5	2	4	11	
245_gi|401800989|gb|CP00 45	6	14	4	5	3	4	0	34	5	1	2	10	4	0	3	12	3	3	1	1	5	1	2	5	5	7	0	1	0	4	0	30	9	20	12	15	5	16	2	5	9	18	3	10	0	11	2	23	17	8	14	3	3	1	2	12	10	8	11	7	1	2	14	
246_gi|401800989|gb|CP00 7	2	1	2	0	1	1	0	6	0	1	1	11	0	0	2	1	0	1	0	0	1	1	1	7	5	3	1	2	2	0	1	4	2	0	1	1	2	4	0	1	3	2	1	5	0	4	1	2	2	2	3	1	1	0	1	4	1	6	3	8	0	8	4	
247_gi|401800989|gb|CP00 17	1	11	1	1	0	5	0	13	5	1	5	7	0	0	1	4	6	6	2	3	2	1	1	5	4	9	0	0	0	5	0	9	5	10	7	8	2	9	3	0	7	19	3	3	0	7	2	12	5	14	9	5	2	2	1	0	6	13	1	3	0	3	2	
248_gi|401800989|gb|CP00 11	0	4	2	0	0	3	0	4	3	1	2	3	0	0	1	2	1	0	1	3	1	1	0	4	1	7	0	0	0	3	0	8	3	7	4	2	1	3	0	2	2	13	3	4	1	8	0	5	3	6	3	0	0	0	0	3	1	11	3	2	1	3	1	
249_gi|401800989|gb|CP00 18	2	13	2	3	4	6	0	15	10	1	3	4	2	0	4	5	6	6	5	3	1	0	1	6	3	6	0	2	2	7	1	11	7	9	4	10	3	14	0	0	4	13	2	6	2	13	2	7	9	16	7	1	3	5	1	7	11	13	5	3	0	7	5	
250_gi|401800989|gb|CP00 9	3	3	2	1	2	1	1	4	1	0	0	2	0	1	0	2	2	2	1	0	1	2	0	3	3	6	0	0	0	3	0	8	7	5	2	5	2	9	2	3	1	9	3	1	0	3	1	7	0	4	5	2	1	0	0	2	2	6	5	0	1	2	1	
251_gi|401800989|gb|CP00 35	12	30	8	7	9	12	1	25	16	1	1	12	0	0	1	15	9	10	5	6	3	4	3	4	8	23	0	4	0	6	1	26	13	18	18	22	12	22	2	5	10	37	11	16	0	22	6	11	21	37	13	4	7	4	2	14	19	36	13	6	9	11	4	
252_gi|401800989|gb|CP00 2	1	2	2	0	1	2	0	3	0	1	0	1	1	0	0	3	1	3	2	1	1	5	1	2	0	3	0	0	0	2	0	5	0	0	0	3	1	1	0	1	0	12	0	2	0	5	0	5	4	3	4	1	0	0	2	2	0	5	0	3	0	2	0	
253_gi|401800989|gb|CP00 6	0	2	1	0	2	0	0	2	0	1	0	1	0	0	1	0	4	1	0	1	0	1	0	1	1	2	0	1	0	0	0	7	1	6	4	3	1	1	0	4	1	4	0	1	0	4	0	5	5	1	2	0	1	2	0	3	5	4	1	1	0	3	2	
254_gi|401800989|gb|CP00 5	1	1	0	1	2	2	1	1	1	1	0	2	0	0	0	0	0	1	1	1	0	1	2	1	0	6	0	0	0	3	1	4	2	3	4	4	2	4	2	0	0	6	2	3	0	6	1	4	3	4	5	1	1	0	2	0	3	0	3	0	0	0	1	
255_gi|401800989|gb|CP00 12	4	4	6	2	0	5	0	11	2	0	1	6	0	1	0	4	4	6	2	2	3	3	1	4	6	6	0	2	0	5	0	16	7	14	9	9	6	9	3	1	6	15	1	6	0	6	3	13	12	11	11	0	2	4	2	4	5	5	0	0	0	7	3	
256_gi|401800989|gb|CP00 6	1	4	1	0	1	2	1	9	1	1	0	1	0	0	1	5	1	5	0	2	1	2	2	2	1	6	0	3	1	2	2	6	2	5	2	4	4	7	0	1	4	6	1	1	0	4	1	2	4	7	1	0	1	0	1	3	1	5	0	1	0	3	0	
257_gi|401800989|gb|CP00 22	2	7	3	5	1	2	0	18	4	1	0	2	0	0	0	7	5	3	1	4	2	5	0	6	4	12	0	4	0	9	1	11	6	6	7	4	3	15	1	2	3	23	1	4	0	9	1	7	7	12	3	3	1	0	1	5	3	16	0	3	1	7	0	
258_gi|401800989|gb|CP00 20	2	8	2	6	1	4	0	14	7	0	1	6	2	1	0	7	7	3	2	6	4	0	2	8	5	21	0	3	0	5	0	21	11	15	11	10	8	16	5	6	9	40	1	11	1	17	0	15	18	19	6	2	2	1	0	5	7	30	0	1	1	7	2	
259_gi|401800989|gb|CP00 19	7	11	2	5	8	14	1	37	9	0	2	9	2	1	0	19	19	4	12	4	6	5	3	4	5	24	4	4	0	4	2	37	18	13	17	29	11	26	4	9	10	48	12	14	4	34	5	30	21	42	21	5	1	5	5	17	13	50	9	4	2	22	12	
260_gi|401800989|gb|CP00 16	1	11	3	0	1	5	2	16	3	1	3	4	0	0	1	4	5	5	1	2	1	6	0	11	8	11	1	3	0	5	0	19	7	16	8	8	3	12	3	5	0	39	2	4	1	8	3	14	12	13	5	2	4	3	0	3	11	7	1	1	1	2	4	
261_gi|401800989|gb|CP00 50	4	12	6	5	6	7	0	26	6	0	5	10	1	1	2	10	3	8	0	9	2	3	2	6	3	20	2	8	0	5	0	31	18	37	17	13	4	28	2	7	11	50	8	12	1	17	1	25	9	29	5	1	6	5	2	8	7	27	5	3	2	8	0	
262_gi|401800989|gb|CP00 42	9	15	5	6	3	7	0	28	9	1	8	10	2	0	0	15	9	5	3	6	1	4	0	6	2	16	1	1	0	8	1	40	11	37	24	17	4	21	5	8	9	42	6	10	0	20	6	16	13	26	4	3	1	7	1	13	4	39	3	5	0	11	2	
263_gi|401800989|gb|CP00 23	1	3	3	3	0	0	1	16	4	1	2	8	0	0	2	6	2	2	1	0	0	1	1	1	4	11	0	3	0	0	0	16	6	9	5	3	3	5	3	6	4	12	2	3	1	3	2	7	8	6	2	0	1	1	1	4	2	6	0	4	1	2	0	
264_gi|401800989|gb|CP00 43	5	17	3	4	1	5	2	38	12	1	5	15	0	0	3	11	3	8	2	4	2	1	4	12	1	28	0	7	1	10	1	37	22	42	14	17	5	18	8	7	15	60	11	9	0	17	1	20	15	39	5	0	4	8	1	8	12	32	6	3	5	9	5	
265_gi|401800989|gb|CP00 12	0	6	2	1	0	1	1	14	1	1	0	0	1	0	1	4	4	1	1	0	1	1	0	4	1	7	0	0	0	0	0	12	2	10	2	1	0	7	2	3	3	11	3	4	0	5	1	2	3	12	3	0	0	2	0	0	5	5	1	1	0	0	1	
266_gi|401800989|gb|CP00 16	1	6	5	1	0	4	1	19	2	1	1	2	0	0	1	6	3	5	0	1	2	2	1	2	3	9	0	0	0	4	0	13	9	12	7	4	4	10	2	7	4	12	4	5	0	9	1	17	7	15	12	1	0	1	3	1	4	9	5	2	0	2	2	
267_gi|401800989|gb|CP00 21	4	11	2	5	0	1	1	22	3	1	7	3	1	0	2	4	2	2	3	1	1	1	0	3	1	5	0	2	1	0	0	17	8	3	5	6	2	5	4	7	3	6	1	3	0	8	1	5	8	4	12	2	1	0	1	1	7	4	2	4	0	0	0	
268_gi|401800989|gb|CP00 10	1	6	2	1	2	2	1	11	2	0	0	5	0	1	1	3	3	1	2	0	3	3	0	9	2	9	1	0	1	1	0	17	1	15	7	4	1	8	5	6	6	18	1	3	0	5	1	8	3	6	2	0	0	2	0	2	0	8	4	1	0	1	1	
269_gi|401800989|gb|CP00 15	8	5	0	1	3	2	0	19	10	0	3	9	2	1	1	11	12	6	8	3	2	6	2	8	2	14	1	1	0	4	4	29	7	21	6	10	5	13	3	1	8	37	13	8	2	19	3	18	14	25	4	1	2	8	2	3	7	42	6	1	0	12	5	
270_gi|401800989|gb|CP00 42	3	16	7	1	4	4	0	37	3	1	4	7	0	0	5	15	4	6	1	3	1	7	2	11	5	30	1	4	2	8	0	28	11	33	15	9	6	27	2	5	9	47	6	6	2	17	4	20	17	24	7	1	1	4	4	1	13	36	4	5	2	5	3	
271_gi|401800989|gb|CP00 37	1	8	6	4	0	3	1	23	4	1	5	8	1	0	3	5	8	6	4	3	1	2	2	4	6	20	2	1	0	6	2	18	9	15	11	7	3	15	5	4	3	31	6	4	1	7	5	17	12	18	11	2	2	3	2	6	10	28	3	3	1	7	1	
272_gi|401800989|gb|CP00 10	1	5	2	0	1	0	2	10	2	1	4	4	0	0	0	2	5	1	1	1	0	3	2	4	3	11	0	2	0	2	0	14	7	13	7	9	0	12	0	4	3	18	3	5	1	6	1	12	7	10	4	2	1	1	1	5	2	5	2	3	1	4	1	
273_gi|401800989|gb|CP00 14	2	13	3	5	0	2	0	18	11	1	7	11	0	0	3	8	3	12	3	3	4	6	0	7	4	23	1	3	0	2	0	28	10	16	7	11	5	15	2	2	6	33	6	9	1	13	2	22	12	20	3	0	3	4	2	3	6	15	6	3	0	2	1	
274_gi|401800989|gb|CP00 29	5	17	4	3	1	4	1	41	10	0	2	10	0	1	2	12	12	9	3	2	0	3	2	6	7	22	2	4	0	10	0	37	20	31	12	16	7	26	4	8	14	52	8	6	1	14	6	29	17	27	13	2	1	10	0	8	13	28	10	4	1	7	3	
275_gi|401800989|gb|CP00 28	3	8	1	6	1	2	0	14	4	1	2	2	0	0	3	4	0	0	4	1	2	1	1	4	2	5	0	4	0	5	0	12	9	13	7	7	2	15	4	1	4	11	4	1	1	6	3	14	4	5	4	0	1	2	1	2	2	9	2	2	0	1	0	
276_gi|401800989|gb|CP00 5	2	0	3	1	1	1	1	2	1	0	0	0	0	1	0	3	1	2	1	0	0	2	0	0	1	7	0	0	0	1	1	4	3	1	2	1	3	5	1	1	0	10	0	1	0	5	1	3	5	1	0	0	2	2	0	0	1	3	3	1	0	1	1	
277_gi|401800989|gb|CP00 10	3	3	1	4	2	2	2	14	4	0	1	5	0	1	1	10	8	6	6	4	1	1	0	3	1	17	0	1	1	3	0	18	8	16	10	7	5	10	2	1	3	25	6	3	2	10	3	18	16	13	7	0	0	2	0	5	3	26	5	5	3	11	2	
278_gi|401800989|gb|CP00 28	3	13	8	0	1	6	0	28	8	1	5	9	0	0	0	10	7	3	1	2	2	3	1	10	5	24	2	2	2	6	0	28	13	19	14	6	5	12	4	5	13	42	1	5	0	16	5	12	5	16	7	1	1	2	1	4	10	7	4	1	1	4	3	
279_gi|401800989|gb|CP00 39	24	19	1	5	4	7	0	31	15	1	2	5	1	0	3	8	12	2	2	2	1	2	2	4	7	34	0	3	0	5	0	23	28	48	42	12	13	32	8	11	18	51	10	7	1	13	2	25	26	36	23	3	2	2	5	7	19	33	11	3	2	4	5	
280_gi|401800989|gb|CP00 3	0	0	0	0	2	1	0	2	3	0	1	3	0	1	0	0	1	1	0	3	1	1	1	2	2	4	0	1	1	0	0	0	5	3	6	0	2	1	0	1	4	12	0	5	0	10	3	2	2	7	1	2	1	1	1	1	3	8	1	9	1	7	5	
281_gi|401800989|gb|CP00 3	2	0	1	0	0	0	0	3	1	1	2	2	0	0	0	0	0	0	0	0	0	1	0	0	0	0	0	0	1	0	1	2	0	0	2	1	3	1	2	0	1	3	3	2	0	1	2	1	0	2	1	1	1	0	0	1	0	2	3	3	0	2	5	
282_gi|401800989|gb|CP00 6	2	2	0	1	3	1	0	6	0	0	0	3	1	1	2	0	1	1	0	0	3	0	1	0	2	1	0	1	3	3	0	2	2	10	10	4	8	3	0	1	0	7	1	0	1	6	1	1	3	3	2	2	0	1	1	0	2	3	3	2	0	2	3	
283_gi|401800989|gb|CP00 4	2	4	0	2	3	3	0	4	9	1	4	6	2	0	2	4	2	2	1	1	4	0	0	1	3	5	1	2	1	4	0	3	5	13	11	7	6	12	2	1	11	13	1	4	1	9	2	2	1	9	2	2	2	1	4	3	7	6	4	7	1	3	6	
284_gi|401800989|gb|CP00 0	2	1	0	0	0	1	0	7	0	0	1	3	0	1	0	1	0	1	0	0	0	0	0	1	3	4	1	1	1	3	3	1	1	3	5	3	2	5	0	1	3	7	0	2	0	4	0	0	0	0	1	1	1	0	0	0	4	5	0	3	0	0	4	
285_gi|401800989|gb|CP00 2	1	0	0	0	0	0	0	1	1	1	0	0	0	0	0	4	0	1	3	0	0	0	2	1	1	4	0	0	0	0	0	3	1	2	1	0	0	0	0	2	5	9	2	3	0	3	0	4	0	6	0	0	0	0	0	0	1	10	1	0	0	2	0	
286_gi|401800989|gb|CP00 47	17	19	8	5	0	8	1	56	11	0	6	11	1	1	4	22	11	5	8	2	2	6	1	19	7	48	0	5	1	11	0	54	22	53	12	14	16	26	6	12	11	60	9	10	2	15	2	33	20	44	12	2	4	8	7	8	19	31	7	5	2	5	1	
287_gi|401800989|gb|CP00 12	0	12	3	3	1	4	0	16	3	1	1	3	0	0	1	8	2	0	2	3	3	0	0	4	3	19	1	1	0	0	0	13	8	16	5	5	2	9	1	7	4	23	1	6	1	5	1	13	4	14	6	0	3	1	2	3	6	13	3	1	4	1	5	
288_gi|401800989|gb|CP00 17	1	8	4	2	0	1	1	16	2	1	0	4	1	0	0	4	7	6	3	2	0	1	0	3	1	17	0	1	0	1	0	14	8	15	5	4	5	4	4	2	5	29	3	4	1	7	2	14	3	10	7	0	0	3	2	2	7	13	4	1	0	2	1	
289_gi|401800989|gb|CP00 12	4	11	3	2	0	5	2	6	1	1	5	5	0	0	1	7	5	1	0	0	2	3	1	5	1	9	1	0	0	3	1	21	10	12	13	5	2	11	2	4	3	20	2	5	0	5	1	12	10	16	7	1	1	4	1	2	4	13	3	1	0	1	3	
290_gi|401800989|gb|CP00 9	0	8	3	1	1	1	2	10	2	1	2	4	2	0	0	2	1	4	3	1	0	1	0	8	2	7	0	1	1	4	0	8	2	6	4	5	2	7	0	3	3	18	2	3	0	5	1	6	4	13	4	1	0	0	1	2	5	7	0	2	1	3	0	
291_gi|401800989|gb|CP00 19	1	8	0	2	1	1	0	7	4	1	0	6	0	0	1	7	5	4	0	1	0	1	0	5	4	11	0	2	0	1	0	18	8	11	5	4	2	9	2	4	8	18	5	6	0	9	0	12	12	19	4	1	0	2	2	5	4	11	2	1	0	2	1	
292_gi|401800989|gb|CP00 40	4	27	4	6	2	9	0	38	10	0	10	12	1	1	8	17	10	13	5	5	6	5	2	6	13	24	2	6	2	8	2	36	21	34	19	9	6	26	2	6	17	61	4	15	0	13	6	30	22	36	17	4	1	5	6	11	18	36	11	3	6	9	5	
293_gi|401800989|gb|CP00 13	1	3	0	0	1	1	0	5	0	0	1	4	0	1	2	2	1	0	1	2	1	1	1	2	1	3	0	0	0	1	0	12	1	3	4	3	0	3	1	1	5	4	0	3	1	1	0	5	4	2	2	1	1	1	1	1	3	0	0	1	1	0	3	
294_gi|401800989|gb|CP00 15	1	5	4	0	0	5	1	10	2	1	3	6	0	0	1	5	3	2	4	1	1	3	2	5	3	8	0	1	0	2	0	12	5	14	1	7	4	6	0	2	1	14	2	6	1	6	1	7	6	8	1	2	0	2	0	2	5	10	3	1	1	1	4	
295_gi|401800989|gb|CP00 12	2	6	1	4	2	1	0	15	7	1	0	5	1	0	1	9	2	3	3	2	2	3	1	3	5	22	1	1	1	9	0	15	8	14	8	4	7	7	2	3	4	30	5	3	1	13	2	6	4	12	1	2	3	3	2	5	10	33	1	1	2	4	1	
296_gi|401800989|gb|CP00 14	0	4	0	3	0	1	0	6	1	1	0	2	0	0	1	1	2	3	0	2	0	1	0	1	0	3	0	0	1	1	0	4	3	4	9	2	0	7	1	0	1	9	2	1	0	2	0	10	4	9	0	0	0	1	2	1	2	7	0	0	0	0	0	
297_gi|401800989|gb|CP00 24	3	10	1	5	1	4	1	18	2	1	3	5	0	0	2	3	3	4	3	2	0	1	1	3	3	6	0	0	1	2	0	11	11	17	6	4	3	11	1	2	8	16	6	3	0	18	1	16	9	10	7	2	0	7	2	6	8	14	4	6	1	12	3	
298_gi|401800989|gb|CP00 15	6	10	8	0	0	8	0	16	5	1	1	9	0	0	0	4	7	6	1	1	1	1	0	4	4	17	0	3	0	5	0	30	11	10	8	10	9	18	1	4	7	28	6	9	2	11	1	23	25	21	15	2	2	2	4	10	7	18	7	7	2	7	8	
299_gi|401800989|gb|CP00 10	4	5	1	4	1	2	0	15	4	1	0	2	1	0	1	2	11	3	1	1	0	2	3	0	6	9	0	0	0	3	0	29	18	10	7	6	7	7	2	2	10	23	1	6	0	14	1	29	15	15	15	1	2	3	0	11	15	24	5	3	4	5	3	
300_gi|401800989|gb|CP00 13	2	9	1	4	1	3	0	7	7	1	1	5	0	0	1	8	10	1	6	2	0	2	0	4	6	8	0	1	0	5	2	18	9	4	7	6	2	9	2	3	7	14	4	8	0	5	3	8	12	11	12	2	3	2	2	11	10	19	4	6	2	4	8	
301_gi|401800989|gb|CP00 7	2	9	3	5	1	10	0	14	4	1	3	7	0	0	1	4	9	1	3	1	0	5	0	5	5	9	2	0	0	10	1	13	8	12	7	7	7	11	3	2	2	19	5	15	1	7	2	12	19	17	13	1	0	2	0	5	5	19	7	2	2	8	4	
302_gi|401800989|gb|CP00 23	3	10	6	3	1	6	2	18	7	0	1	3	1	1	2	14	8	7	4	4	0	4	0	6	1	12	0	2	1	6	0	21	12	15	12	11	6	19	3	4	6	26	5	10	0	19	0	25	16	23	14	2	0	7	6	8	15	10	8	8	1	7	4	
303_gi|401800989|gb|CP00 13	1	3	3	0	1	2	0	11	2	0	0	6	0	1	0	3	1	2	0	3	2	0	1	2	3	10	0	1	1	3	0	8	3	10	1	3	4	2	2	2	3	12	2	3	0	5	2	6	10	5	4	0	3	2	0	5	3	5	3	3	2	3	2	
304_gi|401800989|gb|CP00 67	17	22	5	11	3	14	1	51	22	1	6	17	2	0	8	17	9	6	3	9	2	5	2	10	6	19	1	12	1	10	1	41	29	43	44	24	16	49	13	9	16	35	12	4	0	18	4	46	31	31	27	4	3	11	5	11	24	19	12	7	3	9	11	
305_gi|401800989|gb|CP00 30	7	14	8	3	1	14	0	32	9	0	4	8	0	1	5	19	10	10	5	4	3	7	3	11	3	28	1	3	1	10	2	49	16	31	16	24	13	28	5	7	7	60	4	11	1	28	3	15	19	23	10	2	1	8	3	7	12	36	2	4	2	13	5	
306_gi|401800989|gb|CP00 14	3	8	0	4	2	2	1	15	6	1	0	3	0	0	0	4	1	0	2	0	0	2	0	5	3	8	1	0	0	0	2	13	6	10	4	4	1	11	1	1	4	12	3	2	1	6	0	7	5	7	5	0	0	0	0	2	3	11	5	3	1	1	3	
307_gi|401800989|gb|CP00 15	9	6	0	3	3	1	0	12	4	0	0	6	0	1	0	4	2	2	3	0	0	0	0	2	1	9	0	1	0	3	1	13	7	12	13	5	5	10	3	2	6	18	2	4	0	3	2	9	9	12	5	2	1	3	0	5	8	10	2	1	0	4	2	
308_gi|401800989|gb|CP00 22	4	17	0	8	2	13	0	17	16	0	1	11	0	1	2	10	7	2	7	7	0	3	1	4	8	16	0	2	0	3	0	16	19	19	24	8	7	25	6	1	14	33	9	5	0	11	3	25	17	28	29	0	2	4	1	9	12	28	6	3	2	5	2	
309_gi|401800989|gb|CP00 1	1	4	1	0	2	3	0	6	1	1	0	0	0	0	0	4	2	0	4	1	2	2	0	3	0	7	0	2	0	2	0	9	3	5	3	6	1	4	3	1	3	11	2	1	0	3	1	7	4	8	5	0	2	1	0	2	6	16	1	0	0	3	2	
310_gi|401800989|gb|CP00 28	4	9	10	4	0	8	1	29	3	1	4	6	0	0	5	8	12	6	3	4	0	2	2	7	3	30	1	2	0	7	0	18	17	17	18	6	6	15	6	3	13	33	5	7	0	10	2	17	10	15	10	1	1	2	1	4	14	22	3	2	0	5	2	
311_gi|401800989|gb|CP00 7	2	5	1	0	1	1	1	4	5	1	2	3	2	0	0	2	0	1	1	0	0	1	1	2	0	4	0	1	1	1	0	4	4	9	1	4	1	4	2	4	4	15	0	3	0	2	1	2	2	5	1	0	0	3	2	0	3	4	0	0	1	2	0	
312_gi|401800989|gb|CP00 18	1	11	0	2	0	7	0	10	2	1	4	5	0	0	0	7	5	1	2	3	1	4	1	4	3	19	0	1	0	4	0	14	7	21	19	7	1	14	2	7	10	18	3	5	0	7	4	8	4	20	7	1	2	5	4	10	8	12	2	3	1	6	0	
313_gi|401800989|gb|CP00 6	1	12	0	3	0	1	1	6	3	1	2	3	0	0	1	4	4	2	1	0	0	2	0	4	3	9	2	0	0	0	0	12	2	12	6	4	0	8	0	1	2	14	6	3	0	6	2	9	4	9	7	0	0	0	0	1	3	11	1	1	0	1	1	
314_gi|401800989|gb|CP00 4	1	1	0	0	0	0	0	5	4	0	0	2	0	1	0	6	0	2	1	0	0	0	0	2	1	2	0	1	0	0	0	5	0	6	4	1	0	2	0	1	1	9	0	3	1	4	0	4	2	5	0	0	0	1	0	1	1	8	0	0	0	1	2	
315_gi|401800989|gb|CP00 2	0	1	0	1	2	0	0	3	3	0	1	3	0	1	0	2	1	1	0	2	1	1	1	1	2	6	0	1	1	0	0	0	5	3	6	0	3	2	0	1	3	12	0	4	0	7	3	1	2	7	1	2	2	1	1	1	1	7	0	9	2	7	7	
316_gi|401800989|gb|CP00 4	0	3	0	1	0	0	0	3	0	0	1	4	0	1	0	0	1	1	0	1	0	0	1	1	1	1	0	2	2	4	0	0	2	8	2	2	2	3	0	0	1	2	1	0	1	2	0	0	1	0	3	0	0	0	1	1	1	3	1	1	0	4	4	
317_gi|401800989|gb|CP00 41	9	15	0	5	1	5	0	29	14	1	7	11	2	0	0	13	7	5	3	2	0	1	1	7	11	28	3	2	0	6	0	24	18	38	10	6	1	18	5	12	10	67	7	4	0	13	3	22	20	36	18	2	1	7	2	3	3	39	3	0	0	9	2	
318_gi|401800989|gb|CP00 24	4	13	1	3	1	3	0	14	14	1	5	3	2	0	2	9	6	3	2	1	2	0	0	3	4	10	0	1	1	2	0	26	8	24	6	2	2	9	2	9	9	32	6	3	2	3	1	10	13	22	8	1	1	1	2	1	4	15	6	1	1	4	1	
319_gi|401800989|gb|CP00 8	5	7	1	0	0	4	2	18	4	1	2	2	0	0	0	9	2	2	0	0	0	0	0	3	5	7	0	3	0	1	0	12	5	7	5	1	3	4	2	9	4	31	4	3	1	6	0	11	7	14	2	0	0	1	0	4	5	12	4	2	0	0	1	
320_gi|401800989|gb|CP00 65	3	10	1	1	1	6	0	43	8	1	7	9	0	0	4	12	6	2	1	1	2	3	1	15	4	11	2	1	1	3	0	46	12	28	20	6	4	12	9	16	11	19	12	6	3	7	4	21	10	14	12	3	1	0	5	7	9	13	5	2	1	2	0	
321_gi|401800989|gb|CP00 10	2	6	0	2	0	0	0	7	1	0	0	4	0	1	0	3	1	3	1	0	1	1	1	1	1	4	1	0	0	0	0	6	2	5	2	0	0	4	0	7	5	15	0	1	0	4	0	5	4	9	2	0	0	0	1	1	6	5	0	2	0	1	1	
322_gi|401800989|gb|CP00 51	13	30	7	9	1	3	2	52	17	1	9	11	0	0	0	15	12	13	7	1	2	6	3	10	7	39	0	2	1	9	1	46	28	61	20	16	7	16	2	15	13	71	17	3	1	13	4	24	25	43	19	0	2	9	4	18	12	44	15	4	1	12	1	
323_gi|401800989|gb|CP00 14	1	8	2	3	1	1	0	17	3	1	2	4	1	0	1	6	1	5	0	1	1	2	0	3	3	9	0	0	0	2	0	8	4	4	5	6	3	5	0	3	5	20	3	2	0	8	1	8	4	13	4	0	0	1	0	1	4	8	2	0	0	6	0	
324_gi|401800989|gb|CP00 29	7	15	4	4	3	5	1	29	8	1	9	9	0	0	2	10	2	1	1	2	1	1	3	8	5	16	1	1	0	4	0	32	22	13	14	11	3	9	3	9	10	20	6	7	1	6	0	16	17	10	14	1	5	0	1	12	17	6	15	4	0	2	5	
325_gi|401800989|gb|CP00 14	1	5	2	1	0	0	1	5	0	1	0	1	0	0	0	1	2	0	0	1	0	2	1	2	3	8	1	0	0	3	0	8	3	6	2	1	0	2	0	2	1	9	2	2	0	1	0	4	4	9	1	0	0	2	1	3	3	6	0	1	1	1	0	
326_gi|401800989|gb|CP00 17	2	8	3	2	1	2	0	18	4	0	1	4	0	1	0	9	4	1	2	3	0	0	0	6	3	14	1	4	0	5	1	20	10	14	4	5	1	10	2	5	9	31	3	4	0	9	0	19	10	17	13	0	1	4	2	5	6	17	5	0	1	1	3	
327_gi|401800989|gb|CP00 15	3	9	3	3	0	1	0	16	4	1	2	2	0	0	0	6	9	4	4	1	1	1	0	4	3	9	1	1	0	3	0	11	8	11	12	8	2	4	2	2	2	21	2	7	1	7	2	20	18	15	10	2	3	1	1	2	11	15	4	3	0	6	2	
328_gi|401800989|gb|CP00 17	10	5	3	4	4	1	1	19	5	1	1	3	0	0	1	7	1	3	0	5	2	1	1	12	4	17	0	1	0	2	0	23	14	12	9	7	2	11	3	1	3	35	3	7	0	12	1	21	15	21	16	1	2	1	3	7	12	19	6	3	2	3	6	
329_gi|401800989|gb|CP00 7	9	11	4	1	3	1	0	9	5	1	0	4	0	0	2	7	4	6	5	4	2	3	1	3	5	9	1	1	0	0	0	17	7	13	7	5	4	4	4	0	5	16	7	5	1	10	2	23	13	16	7	0	1	1	2	13	16	16	4	5	1	2	3	
330_gi|401800989|gb|CP00 30	2	8	1	4	1	2	0	30	4	1	5	6	1	0	5	8	3	3	1	1	1	0	0	7	4	6	1	2	1	2	0	21	6	16	14	5	3	11	3	4	5	13	4	3	0	6	3	14	9	3	9	0	0	1	1	6	6	5	2	1	1	2	1	
331_gi|401800989|gb|CP00 25	2	7	7	0	0	4	1	16	4	1	0	5	0	0	1	8	6	6	1	1	1	1	0	6	4	18	0	2	1	5	0	19	4	14	8	9	3	11	6	8	7	34	0	7	0	10	1	12	5	18	6	2	1	0	1	3	9	15	6	2	2	0	2	
332_gi|401800989|gb|CP00 20	1	2	2	1	0	1	1	11	3	1	0	9	1	0	1	9	3	6	1	5	0	5	0	5	5	10	0	2	0	3	0	9	4	12	7	6	3	8	1	5	3	27	0	2	0	6	0	11	8	14	5	1	1	1	1	2	3	8	5	4	1	4	1	
333_gi|401800989|gb|CP00 11	9	8	2	0	4	3	0	26	11	1	2	5	0	0	1	13	14	0	9	2	1	1	0	6	12	18	0	0	0	2	2	40	15	21	10	14	11	19	0	2	9	34	13	12	2	25	3	27	28	24	30	3	4	8	2	11	14	41	4	4	2	12	7	
334_gi|401800989|gb|CP00 37	6	8	2	5	1	4	0	18	4	1	9	8	1	0	8	6	3	3	2	2	1	0	1	6	3	10	2	0	1	5	0	21	17	13	7	12	6	12	4	4	6	19	2	8	0	6	2	32	10	10	6	3	0	0	0	8	8	5	3	3	1	3	6	
335_gi|401800989|gb|CP00 53	11	28	4	12	9	6	0	59	28	1	5	17	0	0	10	26	18	9	1	3	3	2	3	17	13	54	1	4	0	11	0	42	39	72	57	8	17	54	11	13	38	86	13	11	1	22	1	31	35	55	25	1	8	11	9	14	28	42	12	0	4	8	2	
336_gi|401800989|gb|CP00 26	8	6	2	5	1	6	0	24	9	1	6	5	0	0	2	9	4	4	5	3	2	4	1	7	4	29	1	0	1	6	0	25	13	20	14	7	7	11	1	3	2	41	3	2	0	10	1	17	5	9	7	0	3	2	2	3	7	9	1	2	0	2	1	
337_gi|401800989|gb|CP00 16	2	6	4	3	1	6	0	17	2	1	2	3	0	0	0	9	9	7	0	2	0	1	1	0	5	13	1	0	0	2	0	13	2	14	9	4	1	10	1	4	4	11	3	2	0	11	0	8	7	9	6	2	2	0	2	2	6	15	1	2	1	1	3	
338_gi|401800989|gb|CP00 11	3	4	0	2	3	4	0	12	7	1	1	1	0	0	0	1	2	2	8	1	2	1	1	1	3	10	1	0	0	0	0	6	6	6	3	3	2	7	1	4	2	17	7	5	0	3	3	10	1	4	9	1	1	1	0	1	4	8	3	2	0	3	1	
339_gi|401800989|gb|CP00 28	3	9	0	3	0	2	0	25	3	0	1	8	0	1	7	9	3	0	0	1	1	0	0	7	3	8	0	2	0	1	0	15	8	14	9	6	1	1	3	3	6	7	4	3	1	6	1	21	6	4	3	0	2	0	2	8	4	3	4	4	1	2	5	
340_gi|401800989|gb|CP00 44	5	6	1	5	0	3	0	18	4	1	3	7	1	0	3	8	4	1	4	2	4	2	2	7	6	20	0	2	0	5	1	16	15	25	19	14	6	13	4	7	6	25	7	5	1	8	2	16	10	13	9	4	5	3	1	4	9	13	2	1	2	8	2	
341_gi|401800989|gb|CP00 4	0	0	0	1	0	0	0	3	0	1	0	2	0	0	0	0	0	0	0	0	0	1	0	0	0	1	0	0	1	0	0	2	1	1	0	0	0	2	1	0	0	4	0	1	0	1	0	0	1	2	0	0	1	0	1	0	0	0	0	0	0	0	0	
342_gi|401800989|gb|CP00 14	2	7	5	0	0	3	1	17	4	1	2	8	0	0	1	5	3	2	0	1	0	1	1	5	4	14	0	0	0	2	0	21	8	17	7	4	2	6	4	3	7	24	2	4	0	4	0	10	3	11	4	1	1	1	0	4	5	12	1	0	1	1	4	
343_gi|401800989|gb|CP00 42	2	12	4	5	1	4	0	33	8	1	5	12	0	0	5	9	3	2	1	2	2	1	0	8	6	9	0	5	1	5	1	22	4	17	13	7	3	10	3	4	5	17	4	3	1	6	0	13	12	2	7	5	1	2	3	5	4	5	2	0	0	1	0	
344_gi|401800989|gb|CP00 13	12	19	0	6	2	7	0	22	18	1	2	5	0	0	0	7	25	11	6	1	5	6	1	7	30	41	0	0	1	6	0	16	22	21	19	4	1	19	9	6	9	37	17	3	0	10	2	33	10	29	6	5	3	7	0	10	5	35	2	3	0	3	0	
345_gi|401800989|gb|CP00 17	1	0	0	4	2	1	0	10	4	1	1	2	1	0	0	9	9	2	3	0	6	2	7	3	17	37	1	0	1	8	0	7	2	13	3	4	0	16	0	2	6	7	4	10	1	2	1	9	5	3	8	0	0	0	2	3	5	9	2	1	1	3	3	
346_gi|401800989|gb|CP00 12	2	7	0	4	0	1	0	8	6	1	0	4	0	0	0	2	2	0	2	1	1	0	0	3	4	5	0	0	0	1	0	3	6	4	4	4	0	8	1	1	3	7	5	3	0	3	3	4	5	6	6	0	0	0	1	3	5	6	3	0	1	2	0	
347_gi|401800989|gb|CP00 24	6	9	0	3	0	1	0	21	6	0	3	8	0	1	3	7	1	0	2	0	1	1	0	5	1	10	1	0	0	4	0	17	9	6	11	12	2	5	6	2	12	7	8	4	0	1	2	7	11	7	3	3	1	1	2	7	5	5	2	4	2	0	5	
348_gi|401800989|gb|CP00 29	18	33	1	10	7	9	0	28	23	1	9	6	1	0	4	17	21	2	5	4	4	5	2	9	9	33	0	2	1	3	1	31	38	43	27	16	10	45	4	6	20	45	12	6	0	20	3	30	31	45	40	6	1	9	4	11	19	29	11	2	2	9	10	
349_gi|401800989|gb|CP00 45	8	12	3	6	3	4	1	31	13	0	3	10	0	1	2	7	7	4	2	4	2	3	0	10	4	19	3	4	0	8	0	31	17	15	24	15	7	10	1	7	12	20	8	11	1	13	1	27	21	16	15	0	1	0	5	11	18	13	11	4	1	3	8	
350_gi|401800989|gb|CP00 9	0	1	4	1	1	2	1	13	3	1	0	1	0	0	0	4	3	2	2	0	0	0	2	2	2	8	0	1	0	2	0	15	5	13	3	11	4	12	2	3	1	15	2	5	0	3	4	11	8	9	4	0	2	1	0	0	4	10	3	2	1	5	5	
351_gi|401800989|gb|CP00 35	4	8	0	2	1	4	1	16	2	1	4	4	0	0	2	3	0	0	0	5	0	2	1	3	1	8	0	1	0	4	1	11	11	9	11	3	2	8	3	3	1	14	2	1	1	5	1	16	8	4	5	1	0	1	4	1	3	5	2	2	1	2	1	
352_gi|401800989|gb|CP00 17	8	6	4	2	1	4	2	13	4	1	3	4	0	0	2	7	6	4	2	0	0	2	2	1	6	11	0	0	0	2	0	25	8	12	7	8	7	11	1	4	6	27	4	4	0	8	3	16	10	14	15	0	2	2	2	7	9	14	1	3	0	7	4	
353_gi|401800989|gb|CP00 2	1	1	4	0	0	0	0	1	1	1	0	1	0	0	0	1	0	0	3	0	0	1	0	2	1	0	1	0	0	0	0	1	0	4	0	0	1	1	1	0	1	7	1	1	0	3	0	1	1	0	1	1	0	0	0	3	1	2	0	0	0	2	0	
354_gi|401800989|gb|CP00 16	6	4	2	3	1	3	1	9	3	1	1	6	0	0	0	7	4	5	3	0	0	1	1	5	2	9	0	1	0	0	1	23	13	10	9	9	0	6	1	4	3	25	2	3	0	11	0	14	5	14	9	1	0	4	2	1	5	12	3	3	1	5	3	
355_gi|401800989|gb|CP00 23	2	5	1	2	0	2	0	10	7	1	0	3	0	0	1	5	5	6	3	0	1	2	0	7	3	5	0	0	0	0	1	12	5	14	6	1	3	8	3	5	3	25	2	5	2	9	2	13	10	11	7	2	2	5	0	2	1	7	5	2	1	1	0	
356_gi|401800989|gb|CP00 25	11	10	0	3	1	1	0	46	10	1	1	14	0	0	3	24	4	9	2	7	1	1	1	6	11	54	1	4	0	12	0	15	13	60	13	11	5	14	3	8	13	70	5	3	2	17	5	25	20	62	3	0	2	6	2	4	14	72	0	2	1	24	0	
357_gi|401800989|gb|CP00 22	3	5	1	0	0	5	1	20	7	1	0	7	0	0	2	15	10	4	5	3	1	1	2	6	8	23	0	1	0	3	1	31	10	24	8	4	3	9	4	7	10	34	7	5	0	10	2	21	12	18	11	0	2	2	3	9	15	14	8	5	1	2	1	
358_gi|401800989|gb|CP00 10	5	6	0	0	1	0	0	7	2	1	2	1	0	0	0	4	1	0	2	1	0	0	1	5	2	11	1	0	0	3	0	15	2	8	7	1	2	5	0	5	4	19	6	5	0	6	0	8	10	12	2	0	3	4	0	4	6	9	4	3	1	1	0	
359_gi|401800989|gb|CP00 19	1	4	0	1	0	2	0	12	2	1	3	4	0	0	1	3	2	2	0	0	0	2	1	1	2	3	0	2	0	4	0	9	7	14	7	2	0	9	6	6	3	21	2	3	0	7	1	9	6	7	1	0	0	1	0	1	2	13	2	1	0	1	0	
360_gi|401800989|gb|CP00 10	0	5	3	0	0	0	0	12	6	0	0	5	0	1	1	3	2	6	3	2	0	0	0	7	5	8	0	1	0	3	0	15	6	17	6	3	0	6	4	2	2	18	3	2	0	5	0	9	7	14	5	1	2	2	0	2	4	10	5	1	0	5	1	
361_gi|401800989|gb|CP00 13	5	7	0	1	0	3	0	10	1	1	3	1	0	0	0	6	3	3	1	0	0	2	0	1	3	7	0	1	0	0	0	8	4	12	8	1	5	4	0	1	2	12	0	2	0	6	0	13	9	10	6	1	0	3	1	5	4	3	3	0	1	2	0	
362_gi|401800989|gb|CP00 46	11	19	6	7	1	7	3	39	14	0	16	10	1	1	6	25	13	8	4	2	5	4	6	14	10	35	0	3	0	9	0	41	27	51	20	10	2	17	6	9	13	86	8	10	2	10	0	42	17	38	13	0	0	8	5	9	17	38	6	2	2	3	1	
363_gi|401800989|gb|CP00 15	0	3	3	3	0	1	0	8	2	1	0	6	1	0	0	3	1	3	1	0	0	1	0	3	3	6	1	1	0	1	0	8	3	14	8	1	1	1	1	2	5	18	4	2	0	4	0	14	5	10	4	0	0	2	1	1	5	6	3	1	0	1	0	
364_gi|401800989|gb|CP00 2	2	2	0	0	1	0	0	3	0	1	0	1	1	0	0	4	2	0	1	0	0	0	1	1	1	2	0	0	0	2	0	5	1	3	0	2	1	1	0	2	0	9	1	6	0	0	0	0	0	1	4	0	0	1	0	1	4	2	1	1	0	1	0	
365_gi|401800989|gb|CP00 29	3	12	4	5	0	5	1	15	9	1	4	4	0	0	1	7	5	4	4	1	0	1	1	6	3	11	1	0	1	2	0	21	3	26	5	4	1	6	2	5	5	31	2	4	0	6	4	13	4	17	5	3	0	2	1	5	3	17	3	3	0	1	0	
366_gi|401800989|gb|CP00 28	9	9	3	5	4	3	0	21	5	0	2	2	1	1	2	6	7	7	1	2	2	2	0	9	4	9	1	1	0	2	0	25	8	30	9	6	0	8	5	7	9	47	3	4	1	3	0	9	17	14	5	1	3	1	1	5	10	21	5	2	0	2	0	
367_gi|401800989|gb|CP00 6	1	2	3	0	0	1	0	11	3	0	0	2	0	1	1	2	1	0	0	1	0	0	0	0	1	4	0	0	0	1	0	15	5	9	4	1	0	3	1	2	5	16	2	2	0	1	1	2	0	9	4	0	0	1	0	1	7	7	0	0	0	0	0	
368_gi|401800989|gb|CP00 15	8	6	2	2	0	0	0	19	8	1	0	5	1	0	0	5	4	5	2	0	0	0	1	6	3	10	1	1	0	2	0	19	6	19	8	2	1	7	2	8	9	25	5	7	0	7	2	12	15	8	11	1	1	2	3	6	11	25	8	1	1	1	1	
369_gi|401800989|gb|CP00 9	6	13	0	8	4	4	0	8	16	0	7	13	1	1	5	4	2	3	1	2	7	4	0	2	5	19	0	2	3	7	1	9	10	16	31	11	15	22	8	0	6	21	1	4	6	12	3	8	6	17	8	3	2	8	6	5	9	11	6	11	5	5	8	
370_gi|401800989|gb|CP00 4	0	1	0	0	2	0	0	1	4	1	2	2	1	0	1	9	3	2	0	5	2	4	3	2	4	7	1	2	1	4	0	1	7	3	13	1	2	6	0	1	4	8	0	4	1	10	3	2	5	8	1	0	1	2	1	0	1	7	1	6	0	3	5	
371_gi|401800989|gb|CP00 3	0	0	0	0	0	0	0	4	0	1	1	2	0	0	1	0	1	1	0	0	0	0	0	0	0	0	0	1	1	1	0	2	2	7	1	1	0	1	1	1	0	3	1	0	2	2	0	0	0	3	0	0	0	0	0	2	1	1	3	1	0	2	5	
372_gi|401800989|gb|CP00 45	26	27	9	10	12	16	2	52	21	1	3	25	0	0	3	22	25	17	16	4	5	4	5	9	11	34	3	4	0	15	1	70	34	40	17	40	12	31	9	11	26	76	30	20	2	41	12	61	34	61	33	0	2	11	9	22	31	64	23	17	2	11	14	
373_gi|401800989|gb|CP00 38	26	35	7	14	13	12	2	63	27	0	2	14	1	1	0	28	30	10	20	8	5	12	5	9	14	50	2	5	0	11	4	80	24	59	26	33	15	32	6	13	15	85	24	29	2	31	9	54	44	79	44	5	4	9	9	13	25	80	20	14	6	20	14	
374_gi|401800989|gb|CP00 12	2	4	3	0	2	0	0	13	2	1	0	1	1	0	1	2	4	4	1	1	0	1	0	2	1	5	0	0	0	1	0	8	6	6	2	3	1	6	2	1	1	15	2	3	0	2	1	9	3	7	6	1	0	3	0	1	2	7	2	0	1	3	1	
375_gi|401800989|gb|CP00 30	6	10	2	4	1	1	1	24	4	1	2	6	1	0	0	5	4	6	0	2	1	2	1	4	3	15	0	3	0	2	0	14	9	22	7	3	4	12	2	5	5	30	5	3	0	14	0	15	4	15	7	0	0	1	0	5	2	16	2	1	0	3	0	
376_gi|401800989|gb|CP00 17	6	11	3	3	0	4	0	15	4	1	2	4	0	0	0	7	2	5	1	1	0	3	0	5	6	6	0	3	0	2	0	5	4	20	9	5	1	5	4	3	3	25	2	8	1	8	1	10	9	10	3	0	1	1	0	1	6	12	3	2	0	1	0	
377_gi|401800989|gb|CP00 49	11	27	13	6	5	5	4	46	26	1	17	12	0	0	4	20	12	14	8	3	2	5	3	13	11	34	0	2	1	5	1	50	17	60	14	8	3	18	5	17	19	86	9	8	0	20	1	36	14	41	14	1	1	5	2	5	14	37	14	4	3	8	2	
378_gi|401800989|gb|CP00 7	1	4	3	2	0	2	3	10	3	1	3	1	0	0	1	3	4	1	1	0	1	2	0	1	2	7	0	0	0	2	0	10	6	11	4	2	1	6	0	2	3	13	3	4	0	2	1	5	5	5	3	1	0	0	2	2	2	8	1	0	0	0	0	
379_gi|401800989|gb|CP00 16	2	5	2	2	0	0	0	11	1	1	2	7	0	0	0	5	5	2	3	0	0	0	2	3	2	11	0	1	0	1	0	14	6	12	5	4	0	5	0	4	5	18	2	1	0	8	0	3	3	10	3	0	0	0	1	1	3	14	1	3	0	1	0	
380_gi|401800989|gb|CP00 12	11	10	1	1	2	1	0	9	11	0	3	4	0	1	2	5	6	2	5	0	0	1	1	4	7	14	0	0	0	3	0	9	8	19	15	3	6	14	0	2	8	11	11	2	0	4	0	15	8	15	17	0	0	2	2	4	9	8	8	6	0	0	1	
381_gi|401800989|gb|CP00 26	7	11	2	4	3	4	2	20	6	1	4	3	1	0	2	10	3	4	1	0	3	0	1	7	2	20	2	0	0	1	0	21	9	19	6	7	2	16	3	6	7	32	6	6	0	7	0	9	6	13	3	1	2	5	0	5	5	26	5	3	3	6	1	
382_gi|401800989|gb|CP00 22	1	8	7	3	0	2	0	16	2	1	5	4	0	0	2	8	3	4	1	1	0	1	0	0	5	11	0	0	0	2	0	13	8	21	10	4	0	8	2	7	7	30	6	10	1	8	2	9	6	15	6	0	0	1	0	4	5	15	1	0	1	3	0	
383_gi|401800989|gb|CP00 30	1	6	6	4	3	3	0	17	5	0	5	5	2	1	1	4	3	2	1	0	0	0	0	5	2	4	0	2	0	1	0	12	7	10	5	3	1	6	1	2	8	8	3	4	1	2	1	9	8	2	4	0	1	0	0	1	3	2	4	4	0	0	0	
384_gi|401800989|gb|CP00 8	0	7	4	0	0	2	0	10	2	1	2	2	0	0	0	5	5	4	1	0	0	0	1	1	3	11	0	0	0	0	0	15	4	2	2	5	0	2	1	2	3	15	4	4	0	5	0	5	1	16	4	0	0	2	0	3	3	10	3	1	0	2	2	
385_gi|401800989|gb|CP00 8	2	5	0	2	0	2	0	5	3	0	1	4	0	1	0	2	3	4	1	0	0	2	1	3	3	11	0	1	0	1	1	15	3	8	1	0	0	1	3	6	5	12	1	3	0	5	2	3	4	7	1	0	1	1	1	2	3	7	5	0	0	1	0	
386_gi|401800989|gb|CP00 1	1	1	1	0	0	3	0	5	1	1	1	2	0	0	0	2	1	1	3	0	0	0	1	1	5	1	0	0	0	1	0	5	3	5	5	4	0	1	1	3	4	11	3	2	1	4	1	2	2	1	3	0	0	1	0	1	4	7	0	2	0	1	0	
387_gi|401800989|gb|CP00 8	7	5	2	2	0	0	1	4	1	0	0	0	0	1	0	3	0	0	0	0	1	2	0	0	2	7	0	0	0	1	0	11	3	9	3	1	2	4	0	6	4	9	2	2	0	1	0	3	5	6	3	1	0	1	0	1	3	10	0	0	0	1	0	
388_gi|401800989|gb|CP00 24	12	11	0	6	0	6	0	30	13	1	2	8	1	0	0	19	11	5	16	2	1	3	2	11	6	24	1	4	1	2	1	45	16	37	16	10	4	12	4	16	11	57	12	9	0	18	2	26	19	36	21	2	5	4	3	12	15	53	13	0	1	12	1	
389_gi|401800989|gb|CP00 22	4	9	4	1	1	1	1	13	4	1	6	5	0	0	1	10	5	6	2	1	2	0	0	3	3	11	2	0	0	0	1	15	8	10	2	1	1	2	0	8	7	21	6	2	0	7	1	14	7	12	3	0	0	3	1	4	5	18	1	0	1	2	0	
390_gi|401800989|gb|CP00 20	3	10	5	3	0	3	0	9	8	1	1	4	1	0	0	15	2	7	5	0	1	2	0	7	4	12	0	0	1	1	0	26	9	26	11	1	1	6	3	8	8	29	5	7	0	10	1	18	12	16	10	0	1	2	1	9	8	22	9	1	2	4	3	
391_gi|401800989|gb|CP00 6	1	2	0	2	0	1	1	3	2	1	0	0	0	0	1	3	0	0	0	0	0	0	0	1	0	0	0	0	0	0	0	6	1	3	0	1	0	1	0	3	3	6	0	1	0	2	0	5	3	1	1	1	0	0	0	4	3	0	0	0	0	0	1	
392_gi|401800989|gb|CP00 7	2	2	3	2	0	0	1	5	0	1	1	3	1	0	0	3	0	3	1	1	1	0	1	3	1	7	0	1	0	0	0	8	6	9	0	3	0	3	3	5	3	9	3	2	1	6	1	0	1	6	3	1	0	4	1	1	4	6	0	0	0	3	0	
393_gi|401800989|gb|CP00 11	3	2	3	1	0	3	0	5	3	1	1	3	0	0	2	5	1	2	1	2	0	1	0	3	0	6	0	1	0	2	0	16	3	16	3	1	1	6	0	7	4	21	2	3	0	3	0	5	4	5	6	1	2	1	1	4	5	18	2	0	0	4	0	
394_gi|401800989|gb|CP00 10	1	8	0	2	2	0	0	16	5	1	0	6	0	0	0	4	6	4	1	1	0	1	1	4	5	18	0	1	1	0	0	23	6	18	7	7	2	4	2	11	5	22	8	10	0	9	1	8	2	9	8	2	2	2	4	5	6	16	5	2	0	4	0	
395_gi|401800989|gb|CP00 34	13	10	6	2	0	2	0	25	17	1	3	2	1	0	0	6	0	5	3	2	1	0	2	6	8	9	2	1	0	4	0	27	4	24	7	2	1	9	4	12	4	38	8	3	2	8	0	18	7	20	4	1	0	0	2	2	8	21	5	2	1	0	3	
396_gi|401800989|gb|CP00 10	3	3	1	0	0	0	0	9	2	1	0	1	1	0	0	3	1	1	2	3	0	0	0	1	1	3	1	0	0	3	0	5	2	9	6	3	1	2	0	2	0	17	3	5	1	5	1	12	5	7	5	1	0	2	0	3	5	5	4	0	0	2	0	
397_gi|401800989|gb|CP00 2	1	2	0	0	0	0	1	5	0	1	0	0	0	0	0	2	1	0	2	0	0	0	0	2	2	3	0	0	0	0	0	4	6	1	1	1	0	0	1	3	2	11	0	3	0	4	0	11	11	4	4	0	0	0	1	5	6	16	3	0	0	1	0	
398_gi|401800989|gb|CP00 0	3	0	3	0	0	1	1	2	1	1	0	0	0	0	0	1	0	1	5	0	0	3	0	2	0	3	0	0	0	0	1	0	2	0	2	0	0	0	0	0	0	5	2	2	0	4	0	2	1	2	3	0	0	0	0	1	2	1	0	1	0	0	0	
399_gi|401800989|gb|CP00 1	4	1	0	0	0	0	0	6	2	1	0	1	0	0	0	0	0	1	3	1	0	0	0	1	0	4	1	0	0	0	0	6	3	11	2	0	0	2	0	0	1	15	3	1	0	2	0	3	3	2	0	0	1	1	0	0	2	1	1	0	0	1	1	
400_gi|401800989|gb|CP00 9	0	5	1	1	1	0	0	7	4	1	2	3	0	0	0	5	2	1	4	0	0	0	2	2	5	10	1	0	0	4	1	12	6	9	4	1	1	2	1	5	3	33	5	4	0	8	1	7	5	6	5	0	0	1	0	2	4	18	3	1	0	4	3	
401_gi|401800989|gb|CP00 17	6	3	5	3	1	3	1	15	5	0	5	2	0	1	1	7	6	8	2	1	2	0	0	2	5	11	1	0	1	3	0	22	6	14	5	1	1	7	4	13	0	36	1	2	1	3	1	10	6	11	12	0	0	2	1	7	3	17	6	1	0	1	1	
402_gi|401800989|gb|CP00 19	3	4	1	1	0	4	0	15	3	0	3	3	0	1	0	9	4	2	1	0	0	2	1	6	2	5	0	0	0	0	0	13	8	16	8	3	0	4	3	3	2	25	3	7	0	9	1	11	9	14	8	0	1	1	1	3	3	19	1	0	0	6	1	
403_gi|401800989|gb|CP00 20	7	10	2	3	0	1	0	19	4	1	0	5	0	0	2	9	3	3	1	0	0	1	0	3	2	4	0	2	1	1	1	14	7	19	6	2	1	7	4	7	7	30	5	7	2	4	2	9	16	17	11	0	2	2	4	6	11	14	8	0	0	0	0	
404_gi|401800989|gb|CP00 30	9	14	6	4	1	2	0	21	15	1	1	7	0	0	0	13	10	8	4	0	1	2	2	4	3	15	0	0	0	5	0	17	13	32	11	7	1	14	3	15	16	50	5	11	1	10	0	19	25	17	10	1	4	5	5	14	8	32	5	8	1	6	3	
405_gi|401800989|gb|CP00 21	4	11	3	2	0	2	1	23	4	0	2	5	0	1	1	6	5	5	4	0	4	3	1	4	4	14	1	0	0	2	0	18	7	20	5	1	1	9	4	9	6	35	6	5	1	7	1	9	7	10	4	1	0	5	3	5	3	9	4	0	1	2	0	
406_gi|401800989|gb|CP00 22	5	9	0	7	3	4	0	10	5	1	3	6	0	0	1	4	3	8	1	0	1	1	2	3	6	8	1	0	0	4	0	16	14	15	3	1	0	6	3	7	5	25	3	10	0	7	1	10	10	15	10	1	3	3	0	6	12	9	5	0	0	6	1	
407_gi|401800989|gb|CP00 30	5	8	3	4	2	1	0	25	5	0	0	7	0	1	0	7	4	3	8	1	2	0	1	3	3	11	0	1	0	1	0	27	3	21	14	4	2	6	2	6	8	33	3	4	2	8	2	18	9	16	7	2	0	0	1	5	7	24	8	0	2	6	0	
408_gi|401800989|gb|CP00 17	3	14	1	0	0	1	1	14	3	0	4	2	0	1	0	6	8	2	1	1	0	0	2	3	2	7	0	1	0	1	0	14	7	17	8	3	1	1	1	9	3	23	3	5	0	9	1	9	5	21	9	3	1	1	2	1	2	17	7	0	1	2	1	
409_gi|401800989|gb|CP00 19	6	9	2	3	1	3	1	23	5	1	4	2	1	0	0	4	4	5	0	2	0	1	0	0	3	11	0	0	0	3	0	20	4	20	9	1	1	5	6	6	8	17	1	5	1	7	0	12	3	12	2	0	0	3	1	4	5	16	2	3	2	4	0	
410_gi|401800989|gb|CP00 43	12	13	4	2	0	0	3	37	5	0	3	7	0	1	2	13	12	8	5	0	0	6	3	10	5	22	1	1	0	8	0	29	7	28	6	10	3	8	6	13	9	54	8	9	0	8	5	14	10	27	12	0	3	1	2	5	12	26	13	2	0	8	1	
411_gi|401800989|gb|CP00 8	1	3	0	0	0	1	0	2	1	1	2	2	0	0	0	1	0	0	1	0	0	1	2	1	1	3	1	1	0	1	0	6	4	2	2	2	0	0	3	1	5	9	0	2	0	3	0	2	0	2	4	1	0	0	0	2	3	10	2	0	0	0	0	
412_gi|401800989|gb|CP00 10	3	5	0	2	0	1	0	8	2	1	1	4	0	0	0	3	3	3	1	0	0	2	0	1	0	8	0	0	0	2	1	16	4	7	3	1	0	3	2	2	3	16	5	3	0	6	0	13	8	12	2	0	0	0	1	2	5	17	0	0	0	2	0	
413_gi|401800989|gb|CP00 33	8	20	3	2	1	3	5	31	10	1	5	12	0	0	2	13	4	9	3	2	0	2	0	5	4	25	1	2	0	2	0	29	11	37	15	8	3	6	4	9	10	40	9	9	1	9	2	21	16	29	4	2	1	2	4	5	9	21	8	1	1	4	0	
414_gi|401800989|gb|CP00 21	9	15	5	7	1	8	0	36	10	1	1	10	0	0	1	15	11	6	4	1	0	2	0	9	10	28	1	0	1	2	1	38	13	34	13	10	3	14	6	12	14	57	8	6	2	13	1	15	21	16	16	0	3	7	3	5	12	34	14	2	1	2	2	
415_gi|401800989|gb|CP00 14	1	4	2	1	1	1	0	14	2	1	0	5	1	0	0	1	1	2	1	0	0	3	0	3	0	6	1	2	0	3	0	12	4	14	4	1	0	4	2	8	3	23	0	1	1	4	0	7	3	5	3	0	0	3	0	2	4	9	4	0	0	1	1	
416_gi|401800989|gb|CP00 14	5	5	2	3	0	0	0	18	2	0	1	2	0	1	1	4	0	4	0	0	0	2	0	4	2	10	0	0	0	4	0	13	4	15	9	2	1	1	2	6	3	25	4	3	0	3	0	6	5	11	1	0	1	0	1	1	1	9	4	0	1	3	0	
417_gi|401800989|gb|CP00 6	2	6	1	0	1	2	1	12	3	0	5	1	0	1	0	4	3	1	1	0	0	3	2	3	4	4	1	1	0	1	0	14	3	7	7	2	1	4	0	7	4	18	9	5	0	4	1	8	4	11	5	1	0	2	0	4	4	14	2	0	1	1	2	
418_gi|401800989|gb|CP00 11	2	9	1	4	0	1	0	17	4	1	1	2	0	0	2	8	3	6	1	2	0	1	0	0	2	7	0	3	0	1	1	13	8	9	5	1	1	6	0	4	5	26	1	5	0	2	0	7	12	11	7	0	0	1	2	4	6	10	5	0	1	6	1	
419_gi|401800989|gb|CP00 20	4	10	6	2	3	1	2	21	7	1	3	7	0	0	0	13	7	8	3	0	2	1	3	4	6	9	0	1	0	1	2	25	4	33	8	3	1	7	1	6	5	41	4	5	1	5	1	15	13	25	24	0	1	2	3	8	6	19	13	2	0	5	1	
420_gi|401800989|gb|CP00 26	3	6	0	2	0	1	1	16	3	1	5	6	0	0	1	6	3	0	0	1	1	0	0	6	2	5	2	0	0	0	0	12	6	9	5	4	1	2	0	9	3	15	3	4	0	6	0	6	4	1	3	0	1	1	1	0	4	6	2	0	0	1	0	
421_gi|401800989|gb|CP00 17	3	8	0	1	0	0	3	17	2	0	2	5	0	1	0	7	0	4	2	0	1	0	2	0	3	13	1	2	0	3	0	16	5	8	5	2	3	11	0	3	0	20	2	3	1	7	0	7	4	9	4	1	1	1	1	5	6	10	1	2	0	2	0	
422_gi|401800989|gb|CP00 71	36	27	1	17	3	6	0	48	41	0	22	4	3	1	3	22	62	16	2	3	3	0	2	12	47	105	2	0	2	6	0	47	66	65	31	12	13	18	8	10	36	86	12	1	1	26	1	109	38	110	19	2	0	14	4	23	20	244	12	0	1	20	1	
423_gi|401800989|gb|CP00 18	2	5	1	1	2	0	1	18	4	1	1	3	0	0	0	7	3	5	2	1	1	1	3	3	2	11	0	1	0	1	0	28	6	16	8	4	0	9	1	6	4	31	3	4	2	6	1	10	1	11	2	1	0	2	0	5	8	15	5	0	0	3	1	
424_gi|401800989|gb|CP00 17	1	1	5	1	1	2	2	7	5	1	2	3	1	0	0	4	1	2	1	1	0	2	2	2	1	3	0	1	0	1	0	9	4	4	3	3	1	4	4	1	0	11	2	2	0	3	0	2	1	2	4	1	0	1	2	2	4	11	1	0	1	2	0	
425_gi|401800989|gb|CP00 9	1	2	0	0	0	1	0	5	7	0	2	4	0	1	1	5	0	0	0	0	0	0	0	2	1	5	0	0	0	2	0	7	4	8	1	3	0	3	0	1	6	11	1	3	1	4	0	3	3	3	0	1	0	0	1	5	2	8	1	0	0	0	0	
426_gi|401800989|gb|CP00 46	2	24	6	8	1	4	2	41	8	1	5	14	0	0	0	15	4	6	8	1	1	3	1	12	7	33	1	3	0	9	0	39	13	40	16	11	2	19	7	13	9	36	4	6	2	15	1	27	7	18	18	5	2	1	5	8	18	34	8	2	0	8	1	
427_gi|401800989|gb|CP00 12	6	13	8	4	2	3	0	16	7	1	2	7	0	0	0	16	13	5	5	0	0	3	0	4	2	9	0	0	0	3	0	13	16	15	14	1	6	9	1	8	10	33	10	9	0	8	0	25	24	17	14	0	0	4	4	10	17	26	5	2	3	1	2	
428_gi|401800989|gb|CP00 8	8	8	2	0	2	1	0	27	7	1	0	3	0	0	0	8	5	1	4	4	1	0	2	4	5	14	1	1	1	1	0	35	20	25	11	12	9	12	2	6	11	44	7	6	0	11	2	38	24	20	26	0	0	5	5	5	23	46	7	4	2	4	3	
429_gi|401800989|gb|CP00 5	1	3	0	0	0	2	0	0	4	1	0	2	0	0	0	3	1	1	0	0	0	0	0	0	3	1	0	0	0	0	0	9	0	4	3	1	1	4	1	1	1	11	2	1	1	3	0	2	5	4	6	2	1	1	1	2	2	6	2	1	0	4	2	
430_gi|401800989|gb|CP00 20	7	14	6	1	0	2	1	24	9	1	1	7	1	0	2	8	9	6	4	2	2	3	1	1	3	18	0	0	1	3	0	19	12	17	8	5	3	8	2	2	8	23	4	6	0	9	2	18	15	12	19	1	3	3	2	6	14	13	8	4	2	1	1	
431_gi|401800989|gb|CP00 26	10	20	1	6	2	7	0	20	8	1	5	6	0	0	2	9	12	8	3	2	1	5	1	2	2	25	0	2	1	4	0	19	16	23	17	4	7	21	5	7	15	43	9	4	0	11	2	15	9	24	19	0	1	8	1	6	7	29	4	0	0	5	2	
432_gi|401800989|gb|CP00 15	2	1	0	3	0	0	0	6	2	1	1	1	0	0	0	1	1	0	0	0	0	0	0	3	0	1	0	1	0	1	0	7	3	8	5	0	0	1	2	0	0	4	0	2	0	2	0	5	1	1	3	0	1	0	1	3	3	0	0	0	0	1	1	
433_gi|401800989|gb|CP00 9	2	3	2	0	1	0	1	4	0	0	0	2	0	1	0	4	2	2	1	1	0	2	0	2	0	2	1	0	0	1	1	7	5	9	5	1	1	1	0	3	1	10	3	2	0	5	0	6	8	12	5	1	1	2	1	5	3	6	1	1	1	1	2	
434_gi|401800989|gb|CP00 30	0	19	7	9	2	4	3	45	3	1	2	10	3	0	0	14	3	7	4	6	0	1	1	12	2	37	1	5	0	5	0	38	9	49	13	7	4	19	4	2	11	39	4	8	0	12	4	18	11	23	2	1	2	3	0	5	4	26	1	4	2	6	0	
435_gi|401800989|gb|CP00 7	0	0	0	1	1	1	1	6	1	1	0	4	0	0	0	4	2	2	0	0	0	1	2	4	0	4	0	1	0	0	0	13	2	6	5	1	2	1	0	3	4	15	3	3	0	5	0	4	8	5	3	0	0	0	1	1	1	10	1	0	1	0	0	
436_gi|401800989|gb|CP00 20	8	10	1	3	1	2	1	26	5	0	0	9	0	1	0	5	11	9	9	0	1	1	0	6	13	19	0	1	0	2	0	26	10	14	7	6	4	7	0	6	13	24	10	7	0	5	3	27	15	23	21	2	1	3	3	7	17	28	10	5	0	5	4	
437_gi|401800989|gb|CP00 23	6	4	4	2	1	2	0	12	4	1	1	1	1	0	1	5	2	1	1	1	0	0	2	1	4	17	1	1	1	5	0	13	9	15	3	3	1	6	0	6	3	21	4	11	2	9	0	10	11	17	3	0	1	0	2	3	3	10	4	2	0	3	0	
438_gi|401800989|gb|CP00 22	6	11	2	1	3	4	1	22	9	1	1	3	1	0	0	16	8	5	3	1	0	2	1	3	7	22	1	2	0	2	0	33	14	17	19	6	4	6	0	8	13	38	9	10	0	7	3	20	21	25	23	4	1	4	4	9	13	29	10	2	2	5	0	
439_gi|401800989|gb|CP00 17	1	4	1	1	1	1	1	11	4	1	0	1	1	0	0	4	0	4	3	0	0	1	2	1	1	8	0	1	0	1	0	14	4	6	4	1	0	1	1	5	3	17	1	4	0	5	1	6	1	7	2	0	1	0	0	2	5	9	2	1	0	3	0	
440_gi|401800989|gb|CP00 13	5	1	1	3	0	0	0	12	2	1	2	5	0	0	1	4	1	2	3	2	0	0	1	5	1	12	0	1	0	1	0	10	2	8	4	2	0	5	3	4	4	16	5	4	0	4	2	5	9	7	0	1	0	0	0	3	7	22	0	1	0	2	0	
441_gi|401800989|gb|CP00 4	3	3	0	1	1	0	0	4	1	1	0	0	0	0	0	1	1	1	0	0	0	0	0	2	0	4	0	0	0	2	0	9	4	2	1	1	1	1	0	3	2	3	1	2	0	1	0	9	8	1	8	0	0	0	0	2	5	5	3	0	0	1	1	
442_gi|401800989|gb|CP00 30	5	8	0	2	1	3	0	17	7	0	3	9	1	1	3	11	2	0	0	0	1	2	1	1	8	9	0	2	1	1	1	21	8	14	5	2	1	4	4	7	6	11	2	6	0	5	1	10	2	7	8	0	2	0	2	8	8	5	7	0	2	3	2	
443_gi|401800989|gb|CP00 9	0	0	1	1	1	0	1	1	0	1	0	4	0	0	0	2	1	0	0	0	0	0	0	1	1	3	0	0	0	0	0	5	4	7	2	0	1	2	0	2	6	13	1	1	0	3	0	1	4	2	1	0	0	0	1	1	4	2	0	1	0	0	0	
444_gi|401800989|gb|CP00 13	5	7	2	2	0	6	0	23	12	1	3	6	1	0	2	8	6	6	3	0	1	0	2	2	5	15	0	0	0	0	1	28	7	23	8	5	4	14	3	8	14	39	1	12	1	6	0	18	21	23	20	0	5	3	2	5	18	22	9	2	2	3	1	
445_gi|401800989|gb|CP00 5	4	11	2	1	0	3	1	3	2	1	2	0	0	0	0	5	1	1	1	1	0	1	0	0	2	4	0	0	0	2	0	10	4	8	3	1	0	3	1	3	3	15	2	1	0	3	1	7	3	6	9	0	0	1	0	2	1	15	2	0	0	1	0	
446_gi|401800989|gb|CP00 12	5	8	2	1	1	2	1	15	3	0	0	3	0	1	1	7	1	6	2	1	0	2	4	2	2	7	0	1	0	0	1	18	5	18	3	4	3	3	1	4	6	14	0	3	0	8	2	3	3	6	0	0	0	2	0	3	2	19	0	0	1	4	0	
447_gi|401800989|gb|CP00 13	4	6	1	3	2	1	2	12	5	0	4	5	0	1	0	8	3	3	5	0	0	2	2	3	1	14	2	0	0	2	0	25	7	24	4	5	4	10	0	11	10	25	4	4	1	11	2	5	8	13	7	1	1	3	3	4	8	19	4	1	1	0	1	
448_gi|401800989|gb|CP00 49	10	11	2	13	4	2	1	49	24	1	5	16	0	0	3	19	3	1	4	0	5	0	1	9	7	11	1	4	3	7	1	52	16	33	25	13	2	10	2	20	17	36	11	5	0	5	2	32	14	10	6	3	2	0	2	11	16	15	16	5	2	3	3	
449_gi|401800989|gb|CP00 26	8	8	1	2	2	3	0	18	10	0	4	4	0	1	0	8	9	0	1	1	0	0	0	6	4	9	0	2	0	1	0	21	11	33	8	4	0	8	0	4	8	28	5	4	1	12	0	9	14	18	7	1	1	4	3	5	7	14	9	2	0	7	2	
450_gi|401800989|gb|CP00 73	17	35	0	11	1	5	0	47	21	1	21	6	3	0	3	17	17	13	7	2	2	2	1	16	17	31	1	3	0	6	0	56	19	85	30	7	4	30	8	16	19	88	31	13	1	20	2	31	15	53	15	4	1	7	1	12	14	56	8	2	1	9	0	
451_gi|401800989|gb|CP00 47	12	16	0	5	3	4	0	44	10	1	5	6	1	0	2	9	6	6	0	2	3	0	1	7	6	24	0	2	0	5	1	41	18	62	20	6	3	12	6	25	12	67	8	6	1	18	1	24	9	34	7	0	0	2	2	4	8	30	3	1	1	6	0	
452_gi|401800989|gb|CP00 7	3	5	0	0	0	0	0	10	0	0	0	2	0	1	0	3	1	1	8	0	1	0	1	0	3	4	0	0	0	1	0	4	3	5	0	1	3	1	2	2	2	17	2	2	0	7	0	5	4	9	6	0	1	0	0	0	2	2	4	1	0	1	1	
453_gi|401800989|gb|CP00 3	1	2	1	1	0	1	0	8	1	1	2	1	0	0	1	4	2	3	1	0	0	2	0	1	1	4	0	0	0	0	0	5	4	11	4	0	0	4	1	3	2	13	3	5	0	5	2	7	4	7	2	0	1	2	1	1	3	3	6	1	0	1	0	
454_gi|401800989|gb|CP00 36	8	14	4	10	2	2	1	32	11	1	3	10	1	0	1	10	5	4	2	0	1	5	1	9	4	23	0	0	0	3	1	28	19	41	13	6	5	10	6	21	14	55	8	5	0	14	2	15	9	31	9	0	3	3	1	3	16	36	4	5	4	6	2	
455_gi|401800989|gb|CP00 30	26	27	12	1	9	4	2	59	21	1	4	12	0	0	0	19	17	12	8	0	1	3	5	8	12	32	1	2	1	6	0	72	17	45	12	12	7	20	4	18	22	61	22	10	3	21	5	32	20	50	46	4	3	7	5	10	12	42	18	5	1	8	4	
456_gi|401800989|gb|CP00 62	9	25	3	11	2	8	5	56	22	1	11	18	0	0	2	25	6	7	7	1	1	3	2	17	3	39	1	2	1	6	1	45	7	72	16	11	7	26	7	8	14	78	14	10	1	31	1	20	11	26	9	2	0	3	1	3	8	32	3	2	2	7	2	
457_gi|401800989|gb|CP00 27	14	11	2	8	0	4	1	29	15	1	1	7	0	0	0	9	10	5	8	3	1	1	0	3	8	17	2	0	0	2	0	45	10	26	11	13	6	14	4	11	14	39	5	12	2	11	3	19	12	25	14	0	3	2	5	6	10	31	10	5	0	5	0	
458_gi|401800989|gb|CP00 1	2	2	0	0	0	1	0	5	1	1	0	1	0	0	0	2	0	1	4	1	0	2	0	2	0	4	0	1	0	1	1	6	0	2	1	2	1	3	0	1	3	11	1	1	0	4	0	1	1	5	2	0	0	1	1	2	1	3	0	1	0	0	0	
459_gi|401800989|gb|CP00 18	2	6	6	2	1	2	1	18	10	1	2	0	1	0	0	11	6	8	6	0	3	2	1	10	5	21	1	1	0	5	0	28	15	26	5	14	4	5	1	9	9	45	9	11	1	8	1	12	14	15	11	2	3	7	1	7	8	17	3	0	1	5	3	
460_gi|401800989|gb|CP00 0	1	1	0	1	1	0	1	1	2	1	0	1	0	0	1	3	1	1	3	0	0	0	0	1	0	2	0	0	0	1	1	4	3	5	0	0	2	1	0	0	3	10	3	1	0	0	0	1	0	1	1	0	0	1	1	2	1	0	0	0	0	0	1	
461_gi|401800989|gb|CP00 4	3	2	2	2	0	1	0	3	1	1	1	4	0	0	0	2	4	2	3	0	0	3	0	1	1	1	1	3	0	0	0	8	5	7	3	2	0	6	3	3	3	8	0	3	0	3	0	2	8	8	3	1	0	0	2	2	6	7	1	0	1	2	0	
462_gi|401800989|gb|CP00 10	5	8	0	1	0	2	0	11	2	1	2	3	0	0	0	3	3	1	1	2	0	0	1	2	0	3	0	1	0	0	1	8	1	9	7	2	0	5	1	1	4	16	7	2	0	6	0	3	2	6	0	0	0	2	2	2	6	8	3	2	0	4	0	
463_gi|401800989|gb|CP00 24	3	14	2	4	1	2	1	39	8	1	3	4	0	0	0	10	7	4	5	2	1	2	1	6	5	30	0	0	1	0	0	29	14	28	19	8	5	4	2	10	14	48	6	18	1	10	3	26	19	29	18	3	4	6	2	8	16	24	10	1	0	6	2	
464_gi|401800989|gb|CP00 26	5	17	5	3	3	2	1	25	6	1	0	8	0	0	1	9	13	14	3	3	1	2	1	6	6	15	3	0	0	2	0	27	16	42	3	6	3	13	5	5	4	27	5	14	1	6	1	16	16	23	14	0	1	2	0	13	19	22	11	2	0	4	6	
465_gi|401800989|gb|CP00 9	2	9	2	0	1	2	1	12	3	1	1	1	0	0	1	5	3	3	0	3	0	0	1	3	0	12	0	0	0	0	0	20	8	16	6	2	3	6	3	4	4	17	2	4	1	1	3	12	5	5	6	0	2	5	2	3	10	12	4	0	0	2	2	
466_gi|401800989|gb|CP00 40	9	16	1	6	3	3	0	16	12	1	4	7	0	0	3	21	3	2	4	0	0	2	1	4	2	14	0	0	0	3	0	27	10	14	1	5	3	7	2	6	7	20	2	5	0	10	1	14	12	12	11	0	1	4	3	9	5	11	15	4	0	0	1	
467_gi|401800989|gb|CP00 10	1	2	1	1	1	1	1	16	5	1	2	2	0	0	0	4	1	3	2	1	0	1	0	3	2	17	0	0	0	0	0	24	7	17	5	2	3	4	1	6	4	34	6	5	1	6	1	15	6	14	3	0	2	0	1	7	9	24	3	1	0	8	2	
468_gi|401800989|gb|CP00 14	1	5	2	0	1	1	1	12	3	1	0	2	0	0	0	3	3	4	0	1	1	1	2	2	1	9	0	2	0	1	0	21	8	18	5	3	2	7	1	4	4	19	3	3	0	2	0	6	9	9	11	1	1	3	2	2	11	8	2	2	0	2	2	
469_gi|401800989|gb|CP00 5	3	3	0	0	0	2	0	9	0	1	1	2	0	0	0	1	3	1	1	0	1	2	1	1	4	12	0	1	1	1	1	17	4	11	3	2	0	3	0	6	4	19	4	3	0	3	2	5	4	8	3	0	0	1	0	1	4	14	1	1	0	4	0	
470_gi|401800989|gb|CP00 35	8	8	1	9	1	4	3	25	9	0	8	5	0	1	2	8	4	3	1	1	1	0	2	2	2	7	2	1	1	0	0	33	12	15	16	9	3	4	11	8	10	16	2	6	1	5	2	20	11	8	10	1	1	0	2	6	10	5	10	1	1	2	3	
471_gi|401800989|gb|CP00 17	7	15	3	6	1	2	1	22	7	1	2	7	0	0	1	4	8	4	1	1	1	1	0	11	2	11	0	1	1	1	0	22	11	15	7	3	2	10	4	3	7	30	10	6	1	9	3	3	11	16	12	1	0	4	1	5	5	25	6	2	1	7	3	
472_gi|401800989|gb|CP00 19	3	8	1	0	1	2	0	19	9	1	2	2	0	0	0	6	5	1	0	1	0	1	0	1	4	7	0	0	1	1	0	6	16	12	18	7	0	4	1	4	6	17	5	3	0	9	2	9	6	14	10	0	3	2	0	6	3	10	3	1	0	1	0	
473_gi|401800989|gb|CP00 14	7	5	0	3	4	2	1	21	4	1	2	6	0	0	0	4	1	0	2	0	0	0	0	3	4	18	0	0	0	0	0	12	8	13	23	2	1	5	2	3	6	17	6	3	1	5	2	7	7	15	5	1	0	4	3	4	4	8	3	2	0	1	0	
474_gi|401800989|gb|CP00 21	2	3	2	0	1	0	0	9	2	1	2	2	1	0	0	6	0	3	0	0	0	0	0	2	0	6	0	2	0	1	0	6	2	8	5	0	0	3	0	4	2	8	7	1	0	2	0	6	1	1	0	1	0	0	1	3	3	5	2	0	0	0	0	
475_gi|401800989|gb|CP00 13	2	5	1	0	0	2	0	25	3	0	0	4	0	1	1	5	2	3	0	1	1	1	1	3	5	8	0	1	0	1	0	18	6	15	5	3	1	5	2	5	3	28	7	3	0	7	0	5	6	7	3	0	1	0	5	4	7	13	3	2	1	1	1	
476_gi|401800989|gb|CP00 31	16	16	1	3	3	4	0	28	9	1	2	7	0	0	2	11	4	2	3	2	1	2	2	3	4	10	0	1	0	0	0	32	7	15	11	5	2	8	2	8	8	17	6	5	1	8	2	11	12	11	14	4	1	2	2	9	6	8	6	1	2	1	1	
477_gi|401800989|gb|CP00 2	3	2	0	2	0	1	0	4	1	1	0	0	0	0	0	0	3	0	2	0	0	1	1	0	0	4	1	0	0	1	0	6	4	3	0	2	1	3	1	3	0	13	7	3	0	4	2	6	1	3	2	0	0	1	0	4	5	11	5	0	0	0	1	
478_gi|401800989|gb|CP00 9	5	6	3	1	1	6	1	18	3	1	1	1	0	0	1	5	5	2	1	1	0	3	0	2	3	8	0	0	0	3	0	13	5	16	5	2	0	1	0	0	3	21	4	3	0	1	1	12	5	13	6	0	1	0	2	4	3	14	4	2	0	0	1	
479_gi|401800989|gb|CP00 2	2	3	1	0	0	0	0	5	0	0	1	1	1	1	1	2	1	1	2	0	0	1	0	1	2	0	1	0	1	0	1	3	2	5	3	1	0	0	0	1	2	6	2	2	0	7	0	2	2	4	1	1	1	0	0	3	1	5	3	0	1	0	1	
480_gi|401800989|gb|CP00 9	4	3	2	0	0	5	0	5	2	1	1	2	0	0	0	2	3	2	3	1	1	3	2	1	2	2	0	0	1	1	0	7	4	7	4	1	1	3	1	2	1	13	1	3	1	3	0	3	6	8	4	0	0	0	0	1	1	9	6	0	0	3	0	
481_gi|401800989|gb|CP00 16	3	4	5	0	1	0	0	11	5	1	2	2	0	0	0	3	5	2	1	0	0	1	2	2	1	4	0	1	0	1	0	8	4	13	5	5	2	5	3	6	5	25	5	5	0	4	1	15	2	7	9	0	0	2	2	5	3	6	4	2	0	3	0	
482_gi|401800989|gb|CP00 16	4	7	1	4	1	0	1	16	6	1	3	5	2	0	0	7	3	4	2	4	0	3	0	2	0	7	0	0	1	2	1	14	4	11	7	6	2	6	4	6	10	16	5	2	1	13	0	15	7	13	5	1	2	2	2	4	5	17	3	1	1	3	0	
483_gi|401800989|gb|CP00 5	6	7	4	5	2	2	0	15	5	1	0	2	0	0	2	3	9	5	10	1	1	6	2	4	5	7	0	1	1	0	0	23	14	4	3	5	5	5	0	0	8	23	8	9	2	9	1	22	19	16	22	1	3	6	5	11	14	30	6	1	0	6	3	
484_gi|401800989|gb|CP00 16	1	14	0	10	1	2	1	24	2	1	5	5	0	0	0	6	3	3	0	1	2	0	0	3	6	9	0	0	1	1	0	16	10	11	8	5	0	4	3	11	8	17	0	4	0	4	2	5	6	4	2	2	1	1	3	4	6	2	2	2	0	1	1	
485_gi|401800989|gb|CP00 13	2	7	3	1	1	2	1	17	1	1	0	9	0	0	0	4	7	4	0	1	1	0	0	2	4	7	1	1	0	3	0	13	7	14	6	7	1	2	0	3	5	29	4	3	0	4	2	14	10	16	11	1	1	1	2	7	12	15	3	0	0	5	2	
486_gi|401800989|gb|CP00 8	2	2	2	1	0	0	0	6	2	1	0	2	0	0	0	4	3	3	0	1	1	1	0	2	1	9	1	0	0	1	0	4	7	6	8	1	0	1	0	0	2	12	2	3	0	1	0	9	2	2	6	0	1	1	0	3	5	9	1	0	0	1	1	
487_gi|401800989|gb|CP00 18	2	9	1	0	0	2	0	31	3	1	4	6	0	0	2	6	1	7	1	1	0	3	0	7	3	16	1	2	1	2	0	25	14	16	8	3	2	13	4	8	6	42	6	10	0	4	2	13	10	15	9	2	1	3	4	5	8	24	4	0	0	2	3	
488_gi|401800989|gb|CP00 28	3	9	1	4	0	2	1	14	7	1	1	5	0	0	0	10	3	5	1	2	0	0	0	5	8	6	0	0	0	3	0	10	9	22	11	4	1	9	5	6	9	28	5	5	0	6	0	15	10	12	7	1	1	1	0	4	8	20	1	4	0	2	0	
489_gi|401800989|gb|CP00 15	2	6	3	2	1	3	1	8	1	1	1	5	0	0	2	4	0	0	2	1	1	1	0	4	0	9	1	1	0	2	0	12	7	10	5	1	0	6	0	8	5	14	2	1	0	5	0	9	3	9	2	0	0	2	1	3	1	6	2	1	0	2	0	
490_gi|401800989|gb|CP00 20	15	12	1	7	2	1	0	30	10	0	5	11	0	1	0	13	11	7	6	6	0	2	0	6	10	22	0	1	0	4	2	41	19	35	20	9	11	11	4	6	16	38	20	11	2	16	3	27	36	27	33	3	2	4	6	17	20	36	6	2	0	7	8	
491_gi|401800989|gb|CP00 1	0	0	0	3	0	0	0	3	0	0	0	0	0	1	1	2	0	1	1	0	0	0	0	1	0	3	0	0	0	0	0	6	1	1	3	1	3	0	0	2	3	5	0	1	0	2	0	2	1	0	1	1	0	0	1	1	1	0	0	0	0	0	0	
492_gi|401800989|gb|CP00 11	4	4	2	1	1	0	2	4	2	1	0	1	0	0	1	6	4	4	1	1	2	0	0	4	2	5	0	0	0	1	0	14	1	8	3	2	0	1	1	4	1	17	1	3	0	3	1	8	3	10	7	0	1	5	4	3	2	6	0	3	0	0	0	
493_gi|401800989|gb|CP00 6	1	3	1	2	1	2	1	13	2	1	1	0	0	0	1	1	2	1	1	1	0	2	0	1	1	5	0	0	0	1	0	9	4	9	5	5	0	2	1	1	2	18	6	1	0	1	1	10	6	9	5	2	0	1	2	1	6	8	1	0	0	3	0	
494_gi|401800989|gb|CP00 10	3	9	1	2	1	3	1	5	13	0	0	4	0	1	0	10	5	2	1	0	0	0	2	5	2	8	0	0	0	2	0	21	11	8	10	6	0	2	1	3	2	25	7	8	0	5	1	10	14	13	14	0	1	2	3	10	10	22	10	1	2	0	1	
495_gi|401800989|gb|CP00 30	7	17	3	6	0	2	1	26	6	1	3	5	0	0	3	8	8	9	2	1	0	5	0	2	1	18	0	3	1	3	1	22	10	19	14	6	3	15	0	6	8	26	8	8	0	10	3	13	10	18	5	2	1	4	2	4	2	25	7	2	0	1	0	
496_gi|401800989|gb|CP00 27	4	14	2	4	2	5	1	26	4	1	4	6	1	0	1	10	6	9	5	1	2	4	2	4	5	17	0	5	0	6	0	28	13	21	9	6	2	18	1	12	8	38	7	3	0	7	5	17	11	23	12	1	4	0	4	1	15	23	7	1	1	8	1	
497_gi|401800989|gb|CP00 21	2	7	5	1	0	3	0	19	3	0	0	4	1	1	0	5	5	2	1	3	0	0	1	2	4	12	1	2	0	0	1	14	3	19	7	2	1	3	4	6	5	16	3	2	1	13	2	11	4	6	6	1	1	3	1	0	3	8	2	2	2	2	1	
498_gi|401800989|gb|CP00 25	6	13	1	7	1	2	0	27	8	0	5	4	0	1	5	9	9	2	2	2	1	1	1	3	4	16	0	0	0	1	0	21	15	11	5	8	8	11	1	8	4	23	6	6	0	8	3	15	9	6	9	4	1	0	3	3	12	9	3	6	3	5	4	
499_gi|401800989|gb|CP00 8	1	3	0	1	0	0	0	5	1	1	2	1	0	0	0	2	1	1	3	0	0	1	1	3	0	7	0	0	0	1	1	9	3	4	4	2	2	4	3	2	3	10	1	0	0	6	2	4	1	2	1	1	1	0	1	2	4	5	0	1	0	0	0	
500_gi|401800989|gb|CP00 2	0	0	0	0	1	1	0	2	0	1	0	0	0	0	0	0	0	1	5	1	0	0	0	0	1	4	1	0	0	0	0	0	1	1	1	0	1	0	1	0	1	5	1	3	1	1	2	2	3	0	1	0	0	0	0	0	2	0	1	0	0	1	0	
501_gi|401800989|gb|CP00 3	8	13	5	2	0	0	0	17	7	0	2	3	0	1	0	7	8	2	1	1	2	0	1	4	1	12	2	2	0	2	0	17	4	17	7	12	5	8	1	6	4	28	4	4	0	11	1	8	10	15	10	2	5	0	1	3	2	12	1	1	1	4	2	
502_gi|401800989|gb|CP00 111	37	47	1	14	9	12	0	96	31	0	9	15	4	1	12	46	41	5	8	4	9	8	4	17	20	71	1	5	2	20	0	102	53	123	52	19	17	48	8	25	32	93	22	13	0	32	6	66	47	84	45	4	10	10	10	26	46	64	27	6	4	17	13	
503_gi|401800989|gb|CP00 10	4	5	5	1	2	2	0	17	4	1	1	4	0	0	0	8	2	4	3	1	1	3	1	2	4	8	1	0	0	1	2	18	5	13	4	3	5	8	2	6	2	32	3	1	0	8	1	15	8	13	8	0	0	2	3	2	4	14	4	2	1	1	0	
504_gi|401800989|gb|CP00 28	6	9	2	3	1	4	1	26	10	0	0	4	0	1	0	12	4	7	10	0	0	1	1	8	1	17	0	0	1	0	1	21	9	32	10	1	2	9	1	11	3	32	9	6	0	10	1	18	9	19	5	1	3	4	3	7	10	31	7	2	0	4	0	
505_gi|401800989|gb|CP00 16	6	3	0	4	3	1	0	5	7	1	3	2	1	0	0	3	6	1	1	0	2	1	1	1	6	21	0	0	0	3	0	5	1	22	2	2	1	1	0	5	6	22	5	1	0	2	0	5	1	7	2	0	0	3	0	3	2	16	3	0	0	3	0	
506_gi|401800989|gb|CP00 9	6	7	2	2	0	1	1	11	12	1	0	7	1	0	0	8	3	2	3	0	1	0	0	5	7	3	1	1	0	1	0	8	6	20	3	2	0	3	0	11	9	21	3	6	1	4	1	13	5	11	3	3	1	3	2	7	9	13	3	0	0	2	2	
